environment:
  max: [70.0, 70.0]
  min: [0.0, 0.0]
  obstacles:
  - center: [35.0, 9.8]
    size: [2.8, 19.6]
    type: box
  - center: [35.0, 60.2]
    size: [2.8, 19.6]
    type: box
  - center: [9.8, 35.0]
    size: [19.6, 2.8]
    type: box
  - center: [60.2, 35.0]
    size: [19.6, 2.8]
    type: box
robots:
- goal: [40.677396692047814, 6.9542891788115835, -0.4201758265523301]
  start: [6.368357449624443, 16.813606005790486, 1.8929632932132208]
  type: unicycle_first_order_0_sphere
- goal: [30.206396210619683, 40.99778128637553, 1.494378890606205]
  start: [8.304736576568974, 27.483867963250244, 0.10518166948605545]
  type: unicycle_first_order_0_sphere
- goal: [48.55852536990774, 20.677003756762858, -3.132230182780603]
  start: [66.5280673091744, 20.088300415041488, 0.9333496289465204]
  type: unicycle_first_order_0_sphere
- goal: [53.88344136673321, 2.54690912947676, 1.3004000481224312]
  start: [62.067234967760356, 40.88475914646175, -0.18026669018758001]
  type: unicycle_first_order_0_sphere
- goal: [64.8141523626276, 14.766909714397183, 0.8173808318993241]
  start: [26.310248893362328, 6.727922503144216, 1.0084516654642819]
  type: unicycle_first_order_0_sphere
- goal: [15.563235837704392, 57.795183012354975, 0.9905580550031399]
  start: [21.053069564428046, 51.70538659279073, 1.3959026582909244]
  type: unicycle_first_order_0_sphere
