environment:
  max: [70.0, 70.0]
  min: [0.0, 0.0]
  obstacles:
  - center: [35.0, 9.8]
    size: [2.8, 19.6]
    type: box
  - center: [35.0, 60.2]
    size: [2.8, 19.6]
    type: box
  - center: [9.8, 35.0]
    size: [19.6, 2.8]
    type: box
  - center: [60.2, 35.0]
    size: [19.6, 2.8]
    type: box
robots:
- goal: [16.011816828349897, 21.191490287365674, 2.3471055195601043]
  start: [43.64409674238249, 62.447473646997665, 1.7321842783482628]
  type: unicycle_first_order_0_sphere
- goal: [18.06148850690001, 31.204772736490874, 0.028577553857860316]
  start: [32.78430524150111, 21.389540693214563, -1.3921929384957314]
  type: unicycle_first_order_0_sphere
- goal: [63.82629312762609, 43.92953418532882, 0.08870378968601944]
  start: [11.520651539577056, 42.776486655266424, -2.8654968747988607]
  type: unicycle_first_order_0_sphere
- goal: [11.123260701345492, 18.941111945357573, 2.3896974017403068]
  start: [13.744988149384962, 48.269419552935084, -1.8811434329132743]
  type: unicycle_first_order_0_sphere
- goal: [41.784519044018424, 4.5442884860743, -0.7060302162553027]
  start: [51.70637246270432, 6.772346309856455, 0.25851425395397554]
  type: unicycle_first_order_0_sphere
- goal: [42.259387139642726, 44.535563732473754, 1.1086695793727674]
  start: [22.77181152644208, 10.828801278768223, 1.9876109260170667]
  type: unicycle_first_order_0_sphere
