environment:
  max: [70.0, 70.0]
  min: [0.0, 0.0]
  obstacles:
  - center: [35.0, 9.8]
    size: [2.8, 19.6]
    type: box
  - center: [35.0, 60.2]
    size: [2.8, 19.6]
    type: box
  - center: [9.8, 35.0]
    size: [19.6, 2.8]
    type: box
  - center: [60.2, 35.0]
    size: [19.6, 2.8]
    type: box
robots:
- goal: [42.67299974226793, 32.16949777175675, -2.2942785899841764]
  start: [17.159761072595966, 44.0168922913733, -2.5751875083266293]
  type: unicycle_first_order_0_sphere
- goal: [28.351176015294616, 34.22486373706713, -2.702665685796969]
  start: [18.1876077732013, 4.932739528204098, -0.8022247685918584]
  type: unicycle_first_order_0_sphere
- goal: [62.04335054844064, 41.986862257295755, 0.9969740843267738]
  start: [49.903693217415565, 22.488312252621085, -1.3709682727263668]
  type: unicycle_first_order_0_sphere
- goal: [21.93613301627125, 21.626155779005245, 1.7725725681892976]
  start: [13.174528599047745, 23.991286542071876, -2.0730815829057825]
  type: unicycle_first_order_0_sphere
- goal: [31.503886145875466, 11.34651732987929, -0.41339027526851924]
  start: [67.7871193825635, 42.909780748739074, -1.5290304200271223]
  type: unicycle_first_order_0_sphere
- goal: [44.13767499839624, 65.9740615281519, 0.8131227968236363]
  start: [61.97735658183865, 14.455143619336784, -0.3661132385696533]
  type: unicycle_first_order_0_sphere
