environment:
  max: [70.0, 70.0]
  min: [0.0, 0.0]
  obstacles:
  - center: [30.8, 30.8]
    size: [5.6, 5.6]
    type: box
  - center: [11.2, 53.2]
    size: [5.6, 5.6]
    type: box
  - center: [53.2, 16.8]
    size: [5.6, 5.6]
    type: box
  - center: [42.0, 56.0]
    size: [5.6, 5.6]
    type: box
  - center: [22.4, 7.0]
    size: [5.6, 5.6]
    type: box
robots:
- goal: [11.120772368847776, 17.709488390283166, 2.32411409203002]
  start: [42.31527121113961, 23.513123959306274, 1.1224833488520174]
  type: unicycle_first_order_0_sphere
- goal: [30.706427116296094, 40.12843546229868, -0.7962729527447698]
  start: [41.93541639212201, 18.553029167563878, -2.202791145585629]
  type: unicycle_first_order_0_sphere
- goal: [58.69892600212225, 55.43167309093181, -0.2711740683432238]
  start: [44.247311463721026, 8.371925205459336, -1.6770420106552977]
  type: unicycle_first_order_0_sphere
- goal: [19.17778725659214, 60.1940774313025, -2.7102163822358363]
  start: [51.49214364498799, 40.42123998859235, -0.30953756311540204]
  type: unicycle_first_order_0_sphere
