environment:
  max: [70.0, 70.0]
  min: [0.0, 0.0]
  obstacles:
  - center: [30.8, 30.8]
    size: [5.6, 5.6]
    type: box
  - center: [11.2, 53.2]
    size: [5.6, 5.6]
    type: box
  - center: [53.2, 16.8]
    size: [5.6, 5.6]
    type: box
  - center: [42.0, 56.0]
    size: [5.6, 5.6]
    type: box
  - center: [22.4, 7.0]
    size: [5.6, 5.6]
    type: box
robots:
- goal: [2.4324104785013683, 10.671692444302202, 2.690529207836934]
  start: [9.334201011351691, 34.95010029461194, 0.6377329893219388]
  type: unicycle_first_order_0_sphere
- goal: [43.422156262230054, 25.947424849728556, 0.07156561764271485]
  start: [5.316061812255001, 9.41737990349149, 2.8169307505134302]
  type: unicycle_first_order_0_sphere
- goal: [54.90353598022583, 46.77191636148163, 0.07780037014628549]
  start: [46.252448018910826, 19.473839169094035, -2.274713685292257]
  type: unicycle_first_order_0_sphere
- goal: [14.5816037779061, 38.71276807398724, -0.1028890636915829]
  start: [56.88648772550337, 38.39110107891882, 3.0216695124550927]
  type: unicycle_first_order_0_sphere
