environment:
  max: [70.0, 70.0]
  min: [0.0, 0.0]
  obstacles:
  - center: [30.8, 30.8]
    size: [5.6, 5.6]
    type: box
  - center: [11.2, 53.2]
    size: [5.6, 5.6]
    type: box
  - center: [53.2, 16.8]
    size: [5.6, 5.6]
    type: box
  - center: [42.0, 56.0]
    size: [5.6, 5.6]
    type: box
  - center: [22.4, 7.0]
    size: [5.6, 5.6]
    type: box
robots:
- goal: [14.36291862501229, 9.733705047318924, 1.6564052898153179]
  start: [55.244232313423296, 46.16894194553225, 1.7520039692456875]
  type: unicycle_first_order_0_sphere
- goal: [50.81501248660939, 41.9296788208834, 1.3286038510063518]
  start: [41.91762073009543, 29.403387017592447, -1.1065000209528]
  type: unicycle_first_order_0_sphere
- goal: [19.980452368613083, 15.804980371902706, 2.808384056718298]
  start: [37.49372270992094, 39.02613511858481, 2.5515002064064394]
  type: unicycle_first_order_0_sphere
- goal: [51.80857329574528, 66.04428897194664, -2.6282357469525732]
  start: [65.61936234762727, 33.34140149729538, 1.889843917285285]
  type: unicycle_first_order_0_sphere
