environment:
  max: [70.0, 70.0]
  min: [0.0, 0.0]
  obstacles:
  - center: [30.8, 30.8]
    size: [5.6, 5.6]
    type: box
  - center: [11.2, 53.2]
    size: [5.6, 5.6]
    type: box
  - center: [53.2, 16.8]
    size: [5.6, 5.6]
    type: box
  - center: [42.0, 56.0]
    size: [5.6, 5.6]
    type: box
  - center: [22.4, 7.0]
    size: [5.6, 5.6]
    type: box
robots:
- goal: [59.884208157694275, 44.76503792246218, 0.3038750030238724]
  start: [57.8709473352376, 25.391414678247127, 1.2738486260209596]
  type: unicycle_first_order_0_sphere
- goal: [40.00691262842091, 52.02087508230964, -2.7422087707876397]
  start: [53.125857496905454, 49.94732384042679, -0.2062848030437321]
  type: unicycle_first_order_0_sphere
- goal: [35.49631284525873, 16.25459537846642, 0.9436978703229295]
  start: [45.149134551183195, 51.31154857409592, -0.636116936774012]
  type: unicycle_first_order_0_sphere
- goal: [62.06052049164533, 38.55180062125752, -0.4934515910198547]
  start: [67.56574265626652, 21.091074154475475, -0.23354103864750897]
  type: unicycle_first_order_0_sphere
