environment:
  max: [70.0, 70.0]
  min: [0.0, 0.0]
  obstacles:
  - center: [30.8, 30.8]
    size: [5.6, 5.6]
    type: box
  - center: [11.2, 53.2]
    size: [5.6, 5.6]
    type: box
  - center: [53.2, 16.8]
    size: [5.6, 5.6]
    type: box
  - center: [42.0, 56.0]
    size: [5.6, 5.6]
    type: box
  - center: [22.4, 7.0]
    size: [5.6, 5.6]
    type: box
robots:
- goal: [59.48821827140949, 28.999420790581564, 2.333061951005006]
  start: [60.4843559258245, 39.56013808038063, -1.008361471863207]
  type: unicycle_first_order_0_sphere
- goal: [14.31920034896734, 18.29374406269342, -0.7434453732611166]
  start: [63.55327945513819, 24.92052178680761, 1.4150703284907253]
  type: unicycle_first_order_0_sphere
- goal: [14.998098534322002, 28.686887804936852, -1.4999175203143098]
  start: [5.384081022303867, 48.34172642555898, -2.7843559492726087]
  type: unicycle_first_order_0_sphere
- goal: [59.69194803574472, 2.1211256426792677, -0.2181469625480763]
  start: [32.04795222570547, 20.007731706994367, 0.872721753756422]
  type: unicycle_first_order_0_sphere
