environment:
  max: [70.0, 70.0]
  min: [0.0, 0.0]
  obstacles:
  - center: [30.8, 30.8]
    size: [5.6, 5.6]
    type: box
  - center: [11.2, 53.2]
    size: [5.6, 5.6]
    type: box
  - center: [53.2, 16.8]
    size: [5.6, 5.6]
    type: box
  - center: [42.0, 56.0]
    size: [5.6, 5.6]
    type: box
  - center: [22.4, 7.0]
    size: [5.6, 5.6]
    type: box
robots:
- goal: [24.502296935127283, 43.39627455210495, -3.005530255765259]
  start: [39.623953566564126, 30.21442045337182, -2.5505093756597654]
  type: unicycle_first_order_0_sphere
- goal: [11.160517611217568, 48.240925138443714, 2.88168134871945]
  start: [60.88709731603665, 59.464822628511705, -2.863221055902728]
  type: unicycle_first_order_0_sphere
- goal: [21.134743887831892, 39.22042033558938, -0.5820410161378109]
  start: [27.738325726748783, 19.65946919376269, 2.8630571343094067]
  type: unicycle_first_order_0_sphere
- goal: [29.029715600788, 47.390637979540664, 0.5143030741369459]
  start: [10.036073760332348, 27.035638469907564, 1.692784707749576]
  type: unicycle_first_order_0_sphere
