environment:
  max: [70.0, 70.0]
  min: [0.0, 0.0]
  obstacles:
  - center: [30.8, 30.8]
    size: [5.6, 5.6]
    type: box
  - center: [11.2, 53.2]
    size: [5.6, 5.6]
    type: box
  - center: [53.2, 16.8]
    size: [5.6, 5.6]
    type: box
  - center: [42.0, 56.0]
    size: [5.6, 5.6]
    type: box
  - center: [22.4, 7.0]
    size: [5.6, 5.6]
    type: box
robots:
- goal: [8.307226264074856, 45.59617552421999, 2.2208364949185153]
  start: [48.40077587342387, 44.77476306268573, -2.3332971535037066]
  type: unicycle_first_order_0_sphere
- goal: [4.862294342229118, 31.867432064488668, -1.2475058364079998]
  start: [14.392938189832073, 15.515087822624356, 1.360841402195895]
  type: unicycle_first_order_0_sphere
- goal: [43.620389263015646, 51.77087776370031, -3.0271296314251086]
  start: [27.335203652380578, 37.784579315935716, 1.1535280557777838]
  type: unicycle_first_order_0_sphere
- goal: [17.95468084617598, 43.617322086054344, 1.6613895556624305]
  start: [45.65916904648976, 37.906522119002645, 2.2075406912327287]
  type: unicycle_first_order_0_sphere
