environment:
  max: [70.0, 70.0]
  min: [0.0, 0.0]
  obstacles:
  - center: [30.8, 30.8]
    size: [5.6, 5.6]
    type: box
  - center: [11.2, 53.2]
    size: [5.6, 5.6]
    type: box
  - center: [53.2, 16.8]
    size: [5.6, 5.6]
    type: box
  - center: [42.0, 56.0]
    size: [5.6, 5.6]
    type: box
  - center: [22.4, 7.0]
    size: [5.6, 5.6]
    type: box
robots:
- goal: [24.899080454328267, 54.742370189424975, -2.2197283050920746]
  start: [16.050797881020284, 53.437714735921915, 2.6190718633537973]
  type: unicycle_first_order_0_sphere
- goal: [19.703490213554204, 29.032075634082844, -0.7786697740881401]
  start: [37.88344328977188, 41.69310622036876, 1.8215007449981497]
  type: unicycle_first_order_0_sphere
- goal: [5.50509116216734, 21.163215641812215, -0.6073447179823233]
  start: [9.979471448760062, 47.15813435829093, 0.3604002217409841]
  type: unicycle_first_order_0_sphere
- goal: [64.52660135137118, 2.491715990967262, 0.8297438951089418]
  start: [17.311401494275987, 37.866965522562225, -2.6546808629294345]
  type: unicycle_first_order_0_sphere
