environment:
  max: [70.0, 70.0]
  min: [0.0, 0.0]
  obstacles:
  - center: [30.8, 30.8]
    size: [5.6, 5.6]
    type: box
  - center: [11.2, 53.2]
    size: [5.6, 5.6]
    type: box
  - center: [53.2, 16.8]
    size: [5.6, 5.6]
    type: box
  - center: [42.0, 56.0]
    size: [5.6, 5.6]
    type: box
  - center: [22.4, 7.0]
    size: [5.6, 5.6]
    type: box
robots:
- goal: [25.30257314602395, 51.12148428387412, 1.2433433932279332]
  start: [67.21146109978962, 31.04679199728199, 2.2973291527577144]
  type: unicycle_first_order_0_sphere
- goal: [34.58786863871146, 57.94543317599632, -1.868968012803547]
  start: [14.575281909035716, 6.1646296467550314, -1.645162846559203]
  type: unicycle_first_order_0_sphere
- goal: [44.705579687198735, 65.03964842338843, 1.1140242766489985]
  start: [22.757277912335216, 54.36626828790588, -2.940362696076077]
  type: unicycle_first_order_0_sphere
- goal: [17.803336403245606, 61.72691952824892, -1.779687450922463]
  start: [43.98764975570727, 4.536027891445909, -0.27430298564770705]
  type: unicycle_first_order_0_sphere
