environment:
  max: [70.0, 70.0]
  min: [0.0, 0.0]
  obstacles:
  - center: [30.8, 30.8]
    size: [5.6, 5.6]
    type: box
  - center: [11.2, 53.2]
    size: [5.6, 5.6]
    type: box
  - center: [53.2, 16.8]
    size: [5.6, 5.6]
    type: box
  - center: [42.0, 56.0]
    size: [5.6, 5.6]
    type: box
  - center: [22.4, 7.0]
    size: [5.6, 5.6]
    type: box
robots:
- goal: [2.6749233210260384, 3.9188011583833067, -1.0718169490817013]
  start: [59.311724976367096, 61.59610312671126, 1.6694959100588331]
  type: unicycle_first_order_0_sphere
- goal: [54.70251095746952, 23.207144131247826, 1.9985763185006524]
  start: [60.98186102229431, 66.15577416336899, 0.20490503880064326]
  type: unicycle_first_order_0_sphere
- goal: [24.20021896001295, 12.714978625274108, 0.12410211413365735]
  start: [56.88688177953625, 5.475022265337053, 2.9064611416167674]
  type: unicycle_first_order_0_sphere
- goal: [6.363831897248278, 51.22634650841637, -0.13494725671017616]
  start: [24.224752365546042, 15.77895881337946, 0.6477225422538506]
  type: unicycle_first_order_0_sphere
