environment:
  max: [70.0, 70.0]
  min: [0.0, 0.0]
  obstacles:
  - center: [30.8, 30.8]
    size: [5.6, 5.6]
    type: box
  - center: [11.2, 53.2]
    size: [5.6, 5.6]
    type: box
  - center: [53.2, 16.8]
    size: [5.6, 5.6]
    type: box
  - center: [42.0, 56.0]
    size: [5.6, 5.6]
    type: box
  - center: [22.4, 7.0]
    size: [5.6, 5.6]
    type: box
robots:
- goal: [41.329746151482226, 17.736954731710178, 0.9054747152836669]
  start: [16.743697412546013, 30.10129360780755, -2.5618241917330096]
  type: unicycle_first_order_0_sphere
- goal: [53.468613616743184, 42.67333831082079, 1.5314239907304872]
  start: [62.80019584371192, 27.470147465364036, -0.13182285283350703]
  type: unicycle_first_order_0_sphere
- goal: [41.74034355079132, 6.968272156943657, 2.923753854543701]
  start: [35.47571801491424, 61.463622721591214, -2.1635019803182893]
  type: unicycle_first_order_0_sphere
- goal: [64.63513611324638, 16.67889922715889, -1.1328389624701822]
  start: [30.46698030734704, 8.84362402123685, 2.527932684490147]
  type: unicycle_first_order_0_sphere
