environment:
  max: [70.0, 70.0]
  min: [0.0, 0.0]
  obstacles:
  - center: [30.8, 30.8]
    size: [5.6, 5.6]
    type: box
  - center: [11.2, 53.2]
    size: [5.6, 5.6]
    type: box
  - center: [53.2, 16.8]
    size: [5.6, 5.6]
    type: box
  - center: [42.0, 56.0]
    size: [5.6, 5.6]
    type: box
  - center: [22.4, 7.0]
    size: [5.6, 5.6]
    type: box
robots:
- goal: [57.59487673781447, 59.120880274095605, -0.9438422735553482]
  start: [66.38184121467451, 53.51410746291991, -2.3500951082357218]
  type: unicycle_first_order_0_sphere
- goal: [43.416822305272305, 51.06469097879243, 2.2687845780756657]
  start: [35.78837811883826, 42.08274367711802, -1.01262382199035]
  type: unicycle_first_order_0_sphere
- goal: [67.86934523472625, 64.56575992673532, -2.7741364180128554]
  start: [23.793665567494724, 30.113886801128587, 0.5917588190517282]
  type: unicycle_first_order_0_sphere
- goal: [64.48394507439225, 24.525482116873135, 2.1203583650507545]
  start: [53.31300776444137, 11.3363664997691, -1.3977432028091124]
  type: unicycle_first_order_0_sphere
