environment:
  max: [70.0, 70.0]
  min: [0.0, 0.0]
  obstacles:
  - center: [30.8, 30.8]
    size: [5.6, 5.6]
    type: box
  - center: [11.2, 53.2]
    size: [5.6, 5.6]
    type: box
  - center: [53.2, 16.8]
    size: [5.6, 5.6]
    type: box
  - center: [42.0, 56.0]
    size: [5.6, 5.6]
    type: box
  - center: [22.4, 7.0]
    size: [5.6, 5.6]
    type: box
robots:
- goal: [43.419868323207794, 64.99136301279506, -2.6078562500039575]
  start: [63.02725551930056, 5.786371410931454, -1.4289863680202823]
  type: unicycle_first_order_0_sphere
- goal: [55.377943529628524, 4.262405183976198, 1.4473894285945796]
  start: [52.171883359578985, 61.291961102589056, -0.005361807509573602]
  type: unicycle_first_order_0_sphere
- goal: [44.55608274192904, 33.5318725981121, 0.007166515313470789]
  start: [27.405541073616348, 22.982728480966575, -1.5602083579054666]
  type: unicycle_first_order_0_sphere
- goal: [45.593729148266156, 62.64012673458232, 0.7662472444566761]
  start: [47.503322503721286, 4.287843485684715, 1.4691770410798393]
  type: unicycle_first_order_0_sphere
