environment:
  max: [70.0, 70.0]
  min: [0.0, 0.0]
  obstacles:
  - center: [30.8, 30.8]
    size: [5.6, 5.6]
    type: box
  - center: [11.2, 53.2]
    size: [5.6, 5.6]
    type: box
  - center: [53.2, 16.8]
    size: [5.6, 5.6]
    type: box
  - center: [42.0, 56.0]
    size: [5.6, 5.6]
    type: box
  - center: [22.4, 7.0]
    size: [5.6, 5.6]
    type: box
robots:
- goal: [60.212226817855665, 65.54257299327703, 2.9303852782139037]
  start: [46.64747585281972, 31.743648121757975, 0.9337746274342509]
  type: unicycle_first_order_0_sphere
- goal: [29.967300275977937, 6.9634756915766065, 2.799888455437954]
  start: [2.230837343640037, 3.9594269106964606, 2.0630025147137117]
  type: unicycle_first_order_0_sphere
- goal: [38.09079707725113, 39.46149336421068, -1.5407637257471587]
  start: [33.951228583671956, 50.211612871008626, 0.3856831608612583]
  type: unicycle_first_order_0_sphere
- goal: [33.910342190740714, 34.86687768902484, -0.9056879987877546]
  start: [24.79397292273887, 12.393526883719389, 1.6002129688975124]
  type: unicycle_first_order_0_sphere
