environment:
  max: [70.0, 70.0]
  min: [0.0, 0.0]
  obstacles:
  - center: [30.8, 30.8]
    size: [5.6, 5.6]
    type: box
  - center: [11.2, 53.2]
    size: [5.6, 5.6]
    type: box
  - center: [53.2, 16.8]
    size: [5.6, 5.6]
    type: box
  - center: [42.0, 56.0]
    size: [5.6, 5.6]
    type: box
  - center: [22.4, 7.0]
    size: [5.6, 5.6]
    type: box
robots:
- goal: [43.54762064025399, 45.766794115546126, -3.056230167109086]
  start: [25.52322468628101, 41.441312677728504, -0.6788968406304887]
  type: unicycle_first_order_0_sphere
- goal: [26.172411322966944, 50.10935686249999, 2.7237250205022807]
  start: [8.165989543684496, 62.131601540115156, 0.7921645384962392]
  type: unicycle_first_order_0_sphere
- goal: [27.635996707331856, 2.708883412641033, -2.5076576561810064]
  start: [55.032323373803905, 3.1938125885718467, 2.2103598868863052]
  type: unicycle_first_order_0_sphere
- goal: [47.46489769998231, 58.78249627021282, -1.5996073523912828]
  start: [58.457603082911085, 40.47634647488469, 2.3276724444675514]
  type: unicycle_first_order_0_sphere
