environment:
  max: [70.0, 70.0]
  min: [0.0, 0.0]
  obstacles:
  - center: [30.8, 30.8]
    size: [5.6, 5.6]
    type: box
  - center: [11.2, 53.2]
    size: [5.6, 5.6]
    type: box
  - center: [53.2, 16.8]
    size: [5.6, 5.6]
    type: box
  - center: [42.0, 56.0]
    size: [5.6, 5.6]
    type: box
  - center: [22.4, 7.0]
    size: [5.6, 5.6]
    type: box
robots:
- goal: [28.675498494521904, 3.578515898658961, -2.835238921937138]
  start: [56.07570203080577, 56.278708570791714, 0.0962933399642707]
  type: unicycle_first_order_0_sphere
- goal: [58.786364698764, 27.565162305533168, -0.0438376661931823]
  start: [30.504875858757313, 67.76626595421455, 2.498682104261955]
  type: unicycle_first_order_0_sphere
- goal: [19.207305873030013, 61.23389607744312, -2.73812144456103]
  start: [47.20923421152666, 4.651467465401674, 0.34932070497252754]
  type: unicycle_first_order_0_sphere
- goal: [62.3254733435161, 60.718706840481545, -3.0252455435944787]
  start: [47.38144393177632, 60.573115510830476, -1.7133082362490422]
  type: unicycle_first_order_0_sphere
