environment:
  max: [50.0, 50.0]
  min: [0.0, 0.0]
  obstacles:
  - center: [22, 22]
    size: [4, 4]
    type: box
  - center: [8, 38]
    size: [4, 4]
    type: box
  - center: [38, 12]
    size: [4, 4]
    type: box
  - center: [30, 40]
    size: [4, 4]
    type: box
  - center: [16, 5]
    size: [4, 4]
    type: box
robots:
- goal: [8.032270959629896, 12.713978002357502, 2.32411409203002]
  start: [30.19797129474609, 16.837834824919508, 1.1224833488520174]
  type: unicycle_first_order_0_sphere
- goal: [21.94913996252009, 28.644083664238277, -0.7962729527447698]
  start: [29.92805998340362, 13.313368048153205, -2.202791145585629]
  type: unicycle_first_order_0_sphere
- goal: [41.83961312162377, 39.5180195190268, -0.2711740683432238]
  start: [31.570810316479047, 6.079038025876316, -1.6770420106552977]
  type: unicycle_first_order_0_sphere
- goal: [13.757298904467062, 42.902014498942876, -2.7102163822358363]
  start: [36.71873014426788, 28.852140136611926, -0.30953756311540204]
  type: unicycle_first_order_0_sphere
