environment:
  max: [50.0, 50.0]
  min: [0.0, 0.0]
  obstacles:
  - center: [22, 22]
    size: [4, 4]
    type: box
  - center: [8, 38]
    size: [4, 4]
    type: box
  - center: [38, 12]
    size: [4, 4]
    type: box
  - center: [30, 40]
    size: [4, 4]
    type: box
  - center: [16, 5]
    size: [4, 4]
    type: box
robots:
- goal: [4.419048773274067, 30.27117135095595, -0.7760576782802868]
  start: [46.75405478360325, 25.55618284318515, 2.9923274543394056]
  type: unicycle_first_order_0_sphere
- goal: [27.157522777487756, 44.74876041405503, -0.1435486433343276]
  start: [39.82334926300313, 9.019315772671796, 2.3350532944055393]
  type: unicycle_first_order_0_sphere
- goal: [18.60353641923425, 48.02460388342713, 2.6956522960000155]
  start: [21.587367236514183, 39.187283831426576, 3.0420230155941415]
  type: unicycle_first_order_0_sphere
- goal: [46.741660645242106, 33.13377917301849, -2.3034424028955938]
  start: [9.17470596091327, 30.34461438706728, 1.287203159291475]
  type: unicycle_first_order_0_sphere
