environment:
  max: [50.0, 50.0]
  min: [0.0, 0.0]
  obstacles:
  - center: [22, 22]
    size: [4, 4]
    type: box
  - center: [8, 38]
    size: [4, 4]
    type: box
  - center: [38, 12]
    size: [4, 4]
    type: box
  - center: [30, 40]
    size: [4, 4]
    type: box
  - center: [16, 5]
    size: [4, 4]
    type: box
robots:
- goal: [38.62692347138078, 35.60926431353506, 2.6099102699604435]
  start: [43.179235914931155, 14.532724966198966, 0.6480989408667286]
  type: unicycle_first_order_0_sphere
- goal: [0.7262390883581926, 41.23351255528872, 3.036677560225817]
  start: [42.695328174879634, 45.53546758629423, -2.974536991031794]
  type: unicycle_first_order_0_sphere
- goal: [15.13979069403391, 36.82075050919926, -1.3838890327430173]
  start: [38.974343766228564, 15.94613135793321, 1.2901497157452093]
  type: unicycle_first_order_0_sphere
- goal: [43.79855203953678, 45.268973542590366, 1.3082026235462552]
  start: [38.87521394261125, 48.94807067252371, 3.0551269086219115]
  type: unicycle_first_order_0_sphere
