environment:
  max: [50.0, 50.0]
  min: [0.0, 0.0]
  obstacles: []
robots:
- goal: [47.02868785443867, 15.760924293714833, -0.4817541292647971]
  start: [25.580441772782603, 47.11776748960342, -2.2358110930610913]
  type: unicycle_first_order_0_sphere
- goal: [1.8031524602346567, 37.447493635933, 0.23966150518651785]
  start: [41.09019735658369, 20.541677595725815, 0.3116063297162208]
  type: unicycle_first_order_0_sphere
- goal: [22.716746373499987, 7.031447334835788, -0.608759060011907]
  start: [16.639827280105422, 39.16184933833465, -1.2365633569717065]
  type: unicycle_first_order_0_sphere
- goal: [14.218070017114558, 24.272876844593277, 3.0205609104057993]
  start: [10.439652317198945, 13.329585015694809, 1.573087632505973]
  type: unicycle_first_order_0_sphere
- goal: [14.045358118627705, 8.338013630858727, 2.9526284517898995]
  start: [47.66736820889193, 36.0371860919805, 0.25903597303685366]
  type: unicycle_first_order_0_sphere
- goal: [38.58514091420683, 30.548462081704283, 2.621958807461964]
  start: [25.78896755040084, 6.139001572314823, 0.7759090175804215]
  type: unicycle_first_order_0_sphere
