environment:
  max: [50.0, 50.0]
  min: [0.0, 0.0]
  obstacles: []
robots:
- goal: [7.779752243327194, 25.62870666703533, -2.2875845946504785]
  start: [47.38968394278269, 10.64717687488611, 2.063680077375216]
  type: unicycle_first_order_0_sphere
- goal: [47.43506676956028, 40.973845703493595, -1.0165231716052343]
  start: [34.28169115725354, 41.7798132637329, -0.46804077302212743]
  type: unicycle_first_order_0_sphere
- goal: [46.28182891881264, 7.569239521368759, 1.5430259737653298]
  start: [28.719842904075612, 37.43712155718622, 2.055254651034791]
  type: unicycle_first_order_0_sphere
- goal: [42.344071720365264, 15.490207197627276, 2.952031266380736]
  start: [7.292153438910077, 44.9605619251447, -1.7208737661847693]
  type: unicycle_first_order_0_sphere
- goal: [30.19797129474609, 16.837834824919508, 1.1224833488520174]
  start: [25.875659888588295, 16.283500835413612, -1.3670105282856249]
  type: unicycle_first_order_0_sphere
- goal: [29.92805998340362, 13.313368048153205, -2.202791145585629]
  start: [8.032270959629896, 12.713978002357502, 2.32411409203002]
  type: unicycle_first_order_0_sphere
