environment:
  max: [50.0, 50.0]
  min: [0.0, 0.0]
  obstacles: []
robots:
- goal: [4.963072758833258, 29.914935824913606, 1.4360881438650939]
  start: [13.295155791641433, 15.105915141633451, 1.9743385564396059]
  type: unicycle_first_order_0_sphere
- goal: [32.72996103039159, 28.05724404251901, -2.1987236456275907]
  start: [9.675942702300228, 3.1576994020536477, -1.4139091612381165]
  type: unicycle_first_order_0_sphere
- goal: [31.53935400435911, 47.95110526743952, 1.150230201797279]
  start: [21.692171828515047, 33.31249736000894, -0.48515820639820406]
  type: unicycle_first_order_0_sphere
- goal: [25.54333930226623, 44.20838200647843, 1.7314193145328831]
  start: [19.67877930422928, 9.644101173256814, -0.9678576828074092]
  type: unicycle_first_order_0_sphere
- goal: [34.513559152129496, 5.713878845071173, -2.4847261032836645]
  start: [16.07099809021488, 45.829049618485065, -0.18277858053988316]
  type: unicycle_first_order_0_sphere
- goal: [42.14750348946873, 32.09182081799091, -0.5872114337693022]
  start: [10.363655673696009, 43.87647897809521, 1.1297887328624237]
  type: unicycle_first_order_0_sphere
