environment:
  max: [70.0, 70.0]
  min: [0.0, 0.0]
  obstacles:
  - center: [30.8, 30.8]
    size: [16.8, 16.8]
    type: box
  - center: [11.2, 53.2]
    size: [16.8, 16.8]
    type: box
  - center: [53.2, 16.8]
    size: [16.8, 16.8]
    type: box
  - center: [42.0, 56.0]
    size: [16.8, 16.8]
    type: box
  - center: [22.4, 8.4]
    size: [16.8, 16.8]
    type: box
robots:
- goal: [62.27486607775558, 29.659738269929715, 0.5623580414487663]
  start: [67.03965731358748, 10.851265782103363, -0.11176286111574285]
  type: unicycle_first_order_0_sphere
- goal: [57.891091075314264, 4.783808449640086, 2.045100246780401]
  start: [57.583630272369426, 61.639450429657316, 1.0075425708137438]
  type: unicycle_first_order_0_sphere
- goal: [50.567811121068104, 45.63214136482605, -0.43211508160877177]
  start: [11.817452113360398, 26.37265745791795, -1.1514680592560744]
  type: unicycle_first_order_0_sphere
- goal: [5.507434002215748, 18.264195522674495, 1.6532853295805205]
  start: [60.38184693987596, 44.13053661926154, 1.949511250348964]
  type: unicycle_first_order_0_sphere
- goal: [8.032665282862743, 14.493990696439102, -1.3583838921738032]
  start: [29.535668368066684, 46.40041142361149, -0.27690649187568583]
  type: unicycle_first_order_0_sphere
- goal: [52.91545338728497, 41.70185217919157, 2.6244378531789563]
  start: [67.59377731532504, 53.97929172322988, 1.829248545580553]
  type: unicycle_first_order_0_sphere
