environment:
  max: [70.0, 70.0]
  min: [0.0, 0.0]
  obstacles:
  - center: [30.8, 30.8]
    size: [16.8, 16.8]
    type: box
  - center: [11.2, 53.2]
    size: [16.8, 16.8]
    type: box
  - center: [53.2, 16.8]
    size: [16.8, 16.8]
    type: box
  - center: [42.0, 56.0]
    size: [16.8, 16.8]
    type: box
  - center: [22.4, 8.4]
    size: [16.8, 16.8]
    type: box
robots:
- goal: [54.70807728945226, 3.772568951875963, -1.8382133040260147]
  start: [8.947391104704831, 4.024489930078867, 2.200317124970402]
  type: unicycle_first_order_0_sphere
- goal: [8.899713757837597, 13.325839620638018, -0.017166210520705327]
  start: [59.175715108679135, 30.335391485362624, 0.8009046481796953]
  type: unicycle_first_order_0_sphere
- goal: [41.00129861501246, 22.50323061559184, -0.5148808609029172]
  start: [52.929140458423355, 37.75413282020053, -2.4700453142945857]
  type: unicycle_first_order_0_sphere
- goal: [62.27479552004816, 4.579227179402281, -1.6411328506132996]
  start: [67.51080041293001, 19.520434727561447, 2.480539907955195]
  type: unicycle_first_order_0_sphere
- goal: [10.860891342129047, 17.86008876752195, 2.1448318563337576]
  start: [54.01311481100567, 30.636341069005756, -3.108209093365961]
  type: unicycle_first_order_0_sphere
- goal: [44.07029772815571, 45.641405476577035, 0.5794452036444682]
  start: [6.794010442775182, 19.402096270799568, -0.3030838526714308]
  type: unicycle_first_order_0_sphere
