environment:
  max: [70.0, 70.0]
  min: [0.0, 0.0]
  obstacles:
  - center: [30.8, 30.8]
    size: [5.6, 5.6]
    type: box
  - center: [11.2, 53.2]
    size: [5.6, 5.6]
    type: box
  - center: [53.2, 16.8]
    size: [5.6, 5.6]
    type: box
  - center: [42.0, 56.0]
    size: [5.6, 5.6]
    type: box
  - center: [22.4, 7.0]
    size: [5.6, 5.6]
    type: box
robots:
- goal: [66.27086646546589, 21.88465220513083, 0.0, 0.0]
  start: [35.82396724160789, 66.39731963391769, 0.0, 0.0]
  type: double_integrator_0
- goal: [2.070870193041865, 52.66986367463401, 0.0, 0.0]
  start: [57.84087078928478, 28.671179804930535, 0.0, 0.0]
  type: double_integrator_0
