environment:
  max: [70.0, 70.0]
  min: [0.0, 0.0]
  obstacles:
  - center: [30.8, 30.8]
    size: [5.6, 5.6]
    type: box
  - center: [11.2, 53.2]
    size: [5.6, 5.6]
    type: box
  - center: [53.2, 16.8]
    size: [5.6, 5.6]
    type: box
  - center: [42.0, 56.0]
    size: [5.6, 5.6]
    type: box
  - center: [22.4, 7.0]
    size: [5.6, 5.6]
    type: box
robots:
- goal: [40.726693913686425, 6.710766364155822, 0.0, 0.0]
  start: [6.119746949910617, 16.655692309748144, 0.0, 0.0]
  type: double_integrator_0
- goal: [8.072939788521817, 27.41860487754764, 0.0, 0.0]
  start: [33.53987548041612, 11.283802350204375, 0.0, 0.0]
  type: double_integrator_0
