environment:
  max: [70.0, 70.0]
  min: [0.0, 0.0]
  obstacles:
  - center: [35.0, 9.8]
    size: [2.8, 19.6]
    type: box
  - center: [35.0, 60.2]
    size: [2.8, 19.6]
    type: box
  - center: [9.8, 35.0]
    size: [19.6, 2.8]
    type: box
  - center: [60.2, 35.0]
    size: [19.6, 2.8]
    type: box
robots:
- goal: [11.120772368847776, 17.709488390283166, 2.32411409203002]
  start: [42.31527121113961, 23.513123959306274, 1.1224833488520174]
  type: unicycle_first_order_0_sphere
- goal: [45.30136281274849, 58.32565582021935, 1.7343598737684003]
  start: [41.93541639212201, 18.553029167563878, -2.202791145585629]
  type: unicycle_first_order_0_sphere
