environment:
  max: [70.0, 70.0]
  min: [0.0, 0.0]
  obstacles:
  - center: [35.0, 9.8]
    size: [2.8, 19.6]
    type: box
  - center: [35.0, 60.2]
    size: [2.8, 19.6]
    type: box
  - center: [9.8, 35.0]
    size: [19.6, 2.8]
    type: box
  - center: [60.2, 35.0]
    size: [19.6, 2.8]
    type: box
robots:
- goal: [12.839036459891233, 24.62734652518066, -1.6930592803172302]
  start: [17.781970055293623, 65.87062835158623, -1.9520575950999757]
  type: unicycle_first_order_0_sphere
- goal: [7.83342303504043, 18.274687650384426, -0.5221575764625386]
  start: [46.77780082559942, 8.40198530473022, 2.4900852339587924]
  type: unicycle_first_order_0_sphere
