environment:
  max: [70.0, 70.0]
  min: [0.0, 0.0]
  obstacles:
  - center: [35.0, 9.8]
    size: [2.8, 19.6]
    type: box
  - center: [35.0, 60.2]
    size: [2.8, 19.6]
    type: box
  - center: [9.8, 35.0]
    size: [19.6, 2.8]
    type: box
  - center: [60.2, 35.0]
    size: [19.6, 2.8]
    type: box
robots:
- goal: [59.884208157694275, 44.76503792246218, 0.3038750030238724]
  start: [57.8709473352376, 25.391414678247127, 1.2738486260209596]
  type: unicycle_first_order_0_sphere
- goal: [40.00691262842091, 52.02087508230964, -2.7422087707876397]
  start: [53.125857496905454, 49.94732384042679, -0.2062848030437321]
  type: unicycle_first_order_0_sphere
