environment:
  max: [70.0, 70.0]
  min: [0.0, 0.0]
  obstacles:
  - center: [35.0, 9.8]
    size: [2.8, 19.6]
    type: box
  - center: [35.0, 60.2]
    size: [2.8, 19.6]
    type: box
  - center: [9.8, 35.0]
    size: [19.6, 2.8]
    type: box
  - center: [60.2, 35.0]
    size: [19.6, 2.8]
    type: box
robots:
- goal: [24.502296935127283, 43.39627455210495, -3.005530255765259]
  start: [39.623953566564126, 30.21442045337182, -2.5505093756597654]
  type: unicycle_first_order_0_sphere
- goal: [55.897288534033976, 13.219345658741236, 1.229141307823796]
  start: [60.88709731603665, 59.464822628511705, -2.863221055902728]
  type: unicycle_first_order_0_sphere
