environment:
  max: [70.0, 70.0]
  min: [0.0, 0.0]
  obstacles:
  - center: [35.0, 9.8]
    size: [2.8, 19.6]
    type: box
  - center: [35.0, 60.2]
    size: [2.8, 19.6]
    type: box
  - center: [9.8, 35.0]
    size: [19.6, 2.8]
    type: box
  - center: [60.2, 35.0]
    size: [19.6, 2.8]
    type: box
robots:
- goal: [6.801391601535196, 41.91694634422669, 1.4360881438650939]
  start: [18.52739847662776, 21.075738009915916, 1.9743385564396059]
  type: unicycle_first_order_0_sphere
- goal: [45.878621327903446, 39.302557298127574, -2.1987236456275907]
  start: [13.433964169632295, 4.2606319487150115, -1.4139091612381165]
  type: unicycle_first_order_0_sphere
