environment:
  max: [70.0, 70.0]
  min: [0.0, 0.0]
  obstacles:
  - center: [35.0, 9.8]
    size: [2.8, 19.6]
    type: box
  - center: [35.0, 60.2]
    size: [2.8, 19.6]
    type: box
  - center: [9.8, 35.0]
    size: [19.6, 2.8]
    type: box
  - center: [60.2, 35.0]
    size: [19.6, 2.8]
    type: box
robots:
- goal: [10.453142213597046, 26.60923901688226, -1.5128412029029756]
  start: [20.981485397765304, 63.911017385611274, -2.6173255690242687]
  type: unicycle_first_order_0_sphere
- goal: [53.92552697335244, 12.558828034638978, 1.5476360982778505]
  start: [43.03008549688773, 48.44370824425257, 1.281105703277282]
  type: unicycle_first_order_0_sphere
