environment:
  max: [70.0, 70.0]
  min: [0.0, 0.0]
  obstacles:
  - center: [35.0, 9.8]
    size: [2.8, 19.6]
    type: box
  - center: [35.0, 60.2]
    size: [2.8, 19.6]
    type: box
  - center: [9.8, 35.0]
    size: [19.6, 2.8]
    type: box
  - center: [60.2, 35.0]
    size: [19.6, 2.8]
    type: box
robots:
- goal: [6.606663018924638, 44.032366136886786, 3.0210227397513805]
  start: [54.42522538728724, 42.31402974335389, 1.3182197570030034]
  type: unicycle_first_order_0_sphere
- goal: [47.16036897808994, 14.076018053795737, 1.081080192573351]
  start: [29.70729741005914, 8.217053059301351, 2.8793729962960777]
  type: unicycle_first_order_0_sphere
