environment:
  max: [70.0, 70.0]
  min: [0.0, 0.0]
  obstacles:
  - center: [35.0, 9.8]
    size: [2.8, 19.6]
    type: box
  - center: [35.0, 60.2]
    size: [2.8, 19.6]
    type: box
  - center: [9.8, 35.0]
    size: [19.6, 2.8]
    type: box
  - center: [60.2, 35.0]
    size: [19.6, 2.8]
    type: box
robots:
- goal: [8.307226264074856, 45.59617552421999, 2.2208364949185153]
  start: [48.40077587342387, 44.77476306268573, -2.3332971535037066]
  type: unicycle_first_order_0_sphere
- goal: [32.97534724324691, 29.141835407273156, -0.9478322969540387]
  start: [14.392938189832073, 15.515087822624356, 1.360841402195895]
  type: unicycle_first_order_0_sphere
