environment:
  max: [70.0, 70.0]
  min: [0.0, 0.0]
  obstacles:
  - center: [35.0, 9.8]
    size: [2.8, 19.6]
    type: box
  - center: [35.0, 60.2]
    size: [2.8, 19.6]
    type: box
  - center: [9.8, 35.0]
    size: [19.6, 2.8]
    type: box
  - center: [60.2, 35.0]
    size: [19.6, 2.8]
    type: box
robots:
- goal: [44.280738375655275, 12.141714179047279, 0.34137645556918184]
  start: [49.708501888254055, 56.63626041462832, 0.30370834638146027]
  type: unicycle_first_order_0_sphere
- goal: [23.74711174458158, 62.944711939858095, -1.6314751891260852]
  start: [18.229720213391477, 38.48224340757407, 2.187978203933449]
  type: unicycle_first_order_0_sphere
