environment:
  max: [70.0, 70.0]
  min: [0.0, 0.0]
  obstacles:
  - center: [35.0, 9.8]
    size: [2.8, 19.6]
    type: box
  - center: [35.0, 60.2]
    size: [2.8, 19.6]
    type: box
  - center: [9.8, 35.0]
    size: [19.6, 2.8]
    type: box
  - center: [60.2, 35.0]
    size: [19.6, 2.8]
    type: box
robots:
- goal: [2.6749233210260384, 3.9188011583833067, -1.0718169490817013]
  start: [59.311724976367096, 61.59610312671126, 1.6694959100588331]
  type: unicycle_first_order_0_sphere
- goal: [54.70251095746952, 23.207144131247826, 1.9985763185006524]
  start: [60.98186102229431, 66.15577416336899, 0.20490503880064326]
  type: unicycle_first_order_0_sphere
