environment:
  max: [70.0, 70.0]
  min: [0.0, 0.0]
  obstacles:
  - center: [35.0, 9.8]
    size: [2.8, 19.6]
    type: box
  - center: [35.0, 60.2]
    size: [2.8, 19.6]
    type: box
  - center: [9.8, 35.0]
    size: [19.6, 2.8]
    type: box
  - center: [60.2, 35.0]
    size: [19.6, 2.8]
    type: box
robots:
- goal: [40.677396692047814, 6.9542891788115835, -0.4201758265523301]
  start: [6.368357449624443, 16.813606005790486, 1.8929632932132208]
  type: unicycle_first_order_0_sphere
- goal: [30.206396210619683, 40.99778128637553, 1.494378890606205]
  start: [8.304736576568974, 27.483867963250244, 0.10518166948605545]
  type: unicycle_first_order_0_sphere
