environment:
  max: [70.0, 70.0]
  min: [0.0, 0.0]
  obstacles:
  - center: [35.0, 9.8]
    size: [2.8, 19.6]
    type: box
  - center: [35.0, 60.2]
    size: [2.8, 19.6]
    type: box
  - center: [9.8, 35.0]
    size: [19.6, 2.8]
    type: box
  - center: [60.2, 35.0]
    size: [19.6, 2.8]
    type: box
robots:
- goal: [41.39885050557048, 54.53447878832398, 2.3095606705026714]
  start: [16.743697412546013, 30.10129360780755, -2.5618241917330096]
  type: unicycle_first_order_0_sphere
- goal: [41.329746151482226, 17.736954731710178, 0.9054747152836669]
  start: [23.008030563598556, 8.022003685134994, -0.6357987750000547]
  type: unicycle_first_order_0_sphere
