environment:
  max: [70.0, 70.0]
  min: [0.0, 0.0]
  obstacles:
  - center: [35.0, 9.8]
    size: [2.8, 19.6]
    type: box
  - center: [35.0, 60.2]
    size: [2.8, 19.6]
    type: box
  - center: [9.8, 35.0]
    size: [19.6, 2.8]
    type: box
  - center: [60.2, 35.0]
    size: [19.6, 2.8]
    type: box
robots:
- goal: [22.764820929234133, 47.89501967229293, 2.967121373515087]
  start: [11.52277957889647, 39.991058137120994, -0.7719800821240508]
  type: unicycle_first_order_0_sphere
- goal: [32.216088120561494, 22.360059413832467, 0.2673886684917308]
  start: [67.25797000563358, 46.83672098203929, 2.074089308243245]
  type: unicycle_first_order_0_sphere
