environment:
  max: [70.0, 70.0]
  min: [0.0, 0.0]
  obstacles:
  - center: [35.0, 9.8]
    size: [2.8, 19.6]
    type: box
  - center: [35.0, 60.2]
    size: [2.8, 19.6]
    type: box
  - center: [9.8, 35.0]
    size: [19.6, 2.8]
    type: box
  - center: [60.2, 35.0]
    size: [19.6, 2.8]
    type: box
robots:
- goal: [18.018644146767212, 41.13478579534002, -0.8851542820655287]
  start: [31.105678574120297, 39.73274136198685, 2.564191642638346]
  type: unicycle_first_order_0_sphere
- goal: [8.252662887009498, 24.136658689811735, -3.044603300137016]
  start: [52.71541694041158, 37.975367360360316, -1.871858557389614]
  type: unicycle_first_order_0_sphere
