environment:
  max: [70.0, 70.0]
  min: [0.0, 0.0]
  obstacles:
  - center: [35.0, 9.8]
    size: [2.8, 19.6]
    type: box
  - center: [35.0, 60.2]
    size: [2.8, 19.6]
    type: box
  - center: [9.8, 35.0]
    size: [19.6, 2.8]
    type: box
  - center: [60.2, 35.0]
    size: [19.6, 2.8]
    type: box
robots:
- goal: [65.87565557611025, 7.137865175839727, -3.1359879166958193]
  start: [23.802314518865366, 32.13204292674168, 2.733228653782005]
  type: unicycle_first_order_0_sphere
- goal: [62.941899107655715, 56.62446872610767, -2.1189721652305398]
  start: [31.772196418642576, 63.215324351163254, 1.951283136995455]
  type: unicycle_first_order_0_sphere
