environment:
  max: [70.0, 70.0]
  min: [0.0, 0.0]
  obstacles:
  - center: [35.0, 9.8]
    size: [2.8, 19.6]
    type: box
  - center: [35.0, 60.2]
    size: [2.8, 19.6]
    type: box
  - center: [9.8, 35.0]
    size: [19.6, 2.8]
    type: box
  - center: [60.2, 35.0]
    size: [19.6, 2.8]
    type: box
robots:
- goal: [42.91026657225102, 3.0546933817659743, 2.3935969313457743]
  start: [29.823237209587248, 11.87175818871593, -2.605603497245327]
  type: unicycle_first_order_0_sphere
- goal: [17.073459107416962, 39.664851479065085, 2.695161355947281]
  start: [62.530244340378815, 64.57349053087744, -1.0102905663204367]
  type: unicycle_first_order_0_sphere
