environment:
  max: [70.0, 70.0]
  min: [0.0, 0.0]
  obstacles:
  - center: [35.0, 9.8]
    size: [2.8, 19.6]
    type: box
  - center: [35.0, 60.2]
    size: [2.8, 19.6]
    type: box
  - center: [9.8, 35.0]
    size: [19.6, 2.8]
    type: box
  - center: [60.2, 35.0]
    size: [19.6, 2.8]
    type: box
robots:
- goal: [48.638130808002046, 6.957654739036582, 2.988423371570267]
  start: [53.93036295521706, 30.776500186866812, 2.2531371815723604]
  type: unicycle_first_order_0_sphere
- goal: [31.571668308583686, 26.07214347447136, 2.6814435075521947]
  start: [53.04475340753339, 54.767043494637505, -2.3366309591134007]
  type: unicycle_first_order_0_sphere
