environment:
  max: [70.0, 70.0]
  min: [0.0, 0.0]
  obstacles:
  - center: [35.0, 9.8]
    size: [2.8, 19.6]
    type: box
  - center: [35.0, 60.2]
    size: [2.8, 19.6]
    type: box
  - center: [9.8, 35.0]
    size: [19.6, 2.8]
    type: box
  - center: [60.2, 35.0]
    size: [19.6, 2.8]
    type: box
robots:
- goal: [58.36995017835192, 37.42736256544444, -0.09117815482572578]
  start: [19.703542063358995, 19.696719976554856, -0.49009112527343923]
  type: unicycle_first_order_0_sphere
- goal: [53.048839704200134, 9.166099107437445, -0.9937306489445059]
  start: [65.75825359841949, 41.43833635377372, 2.7826211989721266]
  type: unicycle_first_order_0_sphere
