environment:
  max: [70.0, 70.0]
  min: [0.0, 0.0]
  obstacles:
  - center: [35.0, 9.8]
    size: [2.8, 19.6]
    type: box
  - center: [35.0, 60.2]
    size: [2.8, 19.6]
    type: box
  - center: [9.8, 35.0]
    size: [19.6, 2.8]
    type: box
  - center: [60.2, 35.0]
    size: [19.6, 2.8]
    type: box
robots:
- goal: [48.83428905793258, 29.463392640444233, -0.8207614650989701]
  start: [8.733701706967127, 48.97958410503204, -2.8646575997248824]
  type: unicycle_first_order_0_sphere
- goal: [54.196691252459175, 12.513200171032828, 1.3177539825074698]
  start: [11.086226815719684, 7.8002577280826175, -2.3537466915115353]
  type: unicycle_first_order_0_sphere
