environment:
  max: [70.0, 70.0]
  min: [0.0, 0.0]
  obstacles:
  - center: [35.0, 9.8]
    size: [2.8, 19.6]
    type: box
  - center: [35.0, 60.2]
    size: [2.8, 19.6]
    type: box
  - center: [9.8, 35.0]
    size: [19.6, 2.8]
    type: box
  - center: [60.2, 35.0]
    size: [19.6, 2.8]
    type: box
robots:
- goal: [43.54762064025399, 45.766794115546126, -3.056230167109086]
  start: [25.52322468628101, 41.441312677728504, -0.6788968406304887]
  type: unicycle_first_order_0_sphere
- goal: [26.172411322966944, 50.10935686249999, 2.7237250205022807]
  start: [8.165989543684496, 62.131601540115156, 0.7921645384962392]
  type: unicycle_first_order_0_sphere
