environment:
  max: [70.0, 70.0]
  min: [0.0, 0.0]
  obstacles:
  - center: [35.0, 9.8]
    size: [2.8, 19.6]
    type: box
  - center: [35.0, 60.2]
    size: [2.8, 19.6]
    type: box
  - center: [9.8, 35.0]
    size: [19.6, 2.8]
    type: box
  - center: [60.2, 35.0]
    size: [19.6, 2.8]
    type: box
robots:
- goal: [67.7153325432818, 16.81519885174406, 0.9231465915914692]
  start: [54.86090800936569, 58.056551019725546, 0.3009926003778922]
  type: unicycle_first_order_0_sphere
- goal: [23.14632280887477, 9.09834803706449, -2.441282637701142]
  start: [4.943301511551216, 38.84041261964361, -0.6135060278382625]
  type: unicycle_first_order_0_sphere
