environment:
  max: [70.0, 70.0]
  min: [0.0, 0.0]
  obstacles:
  - center: [35.0, 9.8]
    size: [2.8, 19.6]
    type: box
  - center: [35.0, 60.2]
    size: [2.8, 19.6]
    type: box
  - center: [9.8, 35.0]
    size: [19.6, 2.8]
    type: box
  - center: [60.2, 35.0]
    size: [19.6, 2.8]
    type: box
robots:
- goal: [47.045783597860506, 23.25047476713517, 1.1304560051279005]
  start: [37.63715668671127, 24.17001710410168, -0.8226747951461473]
  type: unicycle_first_order_0_sphere
- goal: [54.70807728945226, 3.772568951875963, -1.8382133040260147]
  start: [8.947391104704831, 4.024489930078867, 2.200317124970402]
  type: unicycle_first_order_0_sphere
