environment:
  max: [70.0, 70.0]
  min: [0.0, 0.0]
  obstacles:
  - center: [35.0, 9.8]
    size: [2.8, 19.6]
    type: box
  - center: [35.0, 60.2]
    size: [2.8, 19.6]
    type: box
  - center: [9.8, 35.0]
    size: [19.6, 2.8]
    type: box
  - center: [60.2, 35.0]
    size: [19.6, 2.8]
    type: box
robots:
- goal: [41.784519044018424, 4.5442884860743, -0.7060302162553027]
  start: [51.70637246270432, 6.772346309856455, 0.25851425395397554]
  type: unicycle_first_order_0_sphere
- goal: [42.259387139642726, 44.535563732473754, 1.1086695793727674]
  start: [22.77181152644208, 10.828801278768223, 1.9876109260170667]
  type: unicycle_first_order_0_sphere
