environment:
  max: [70.0, 70.0]
  min: [0.0, 0.0]
  obstacles: []
robots:
- goal: [30.728664081595532, 62.103791598695025, 0.7145045965485823]
  start: [36.14555321403727, 41.45694707693312, 2.2752544022370884]
  type: unicycle_first_order_0_sphere
- goal: [23.87665338826732, 36.57744962113208, -1.7830210200705752]
  start: [57.758508293234776, 34.86567339478183, 1.2096270972797516]
  type: unicycle_first_order_0_sphere
- goal: [27.060073792624422, 67.7312029866309, 0.5784426753569849]
  start: [7.408618899476749, 3.117545377538947, 1.2688859828210601]
  type: unicycle_first_order_0_sphere
- goal: [12.319791742154763, 12.971350232561187, 0.6522293008675311]
  start: [53.3725370122771, 28.58713017094084, -1.909020745000034]
  type: unicycle_first_order_0_sphere
- goal: [43.31082341930416, 35.27740073395033, 2.747908014873582]
  start: [7.319308249145478, 31.585391406626762, -0.07226559661040355]
  type: unicycle_first_order_0_sphere
- goal: [35.452708070042334, 67.11504099328701, -1.7176591020677154]
  start: [52.30240467050235, 40.14563500371293, 0.7368425662881917]
  type: unicycle_first_order_0_sphere
