environment:
  max: [70.0, 70.0]
  min: [0.0, 0.0]
  obstacles: []
robots:
- goal: [35.407219719980546, 5.384999145397462, 1.2571857124618742]
  start: [54.88197014346197, 43.414864318865234, -1.6493058731113317]
  type: unicycle_first_order_0_sphere
- goal: [45.00671811011662, 26.040209525303087, -0.004344407989846033]
  start: [36.846729007254496, 49.14116743280507, -2.5876081445527697]
  type: unicycle_first_order_0_sphere
- goal: [43.09262971500345, 4.829531788839962, -1.7269862540811216]
  start: [23.631840733313474, 44.265378971390966, 0.4288961042987731]
  type: unicycle_first_order_0_sphere
- goal: [8.21282824489141, 46.58040576608318, -0.07943984309467389]
  start: [5.418605149303054, 26.935881422133537, -0.11932715286984852]
  type: unicycle_first_order_0_sphere
- goal: [48.398015077934346, 22.742849727676763, 1.6040169443838384]
  start: [35.02278310368191, 41.734889613294676, 2.732421548811229]
  type: unicycle_first_order_0_sphere
- goal: [13.093973697818843, 20.130550826494208, -1.3072743680709213]
  start: [35.73514143312487, 26.686478768354593, 1.5045005060881023]
  type: unicycle_first_order_0_sphere
