environment:
  max: [70.0, 70.0]
  min: [0.0, 0.0]
  obstacles: []
robots:
- goal: [62.27479552004816, 4.579227179402281, -1.6411328506132996]
  start: [4.975825298577154, 60.33586892404417, 2.059424684268012]
  type: unicycle_first_order_0_sphere
- goal: [48.31001581313641, 55.714084471058435, 2.9758732655892297]
  start: [54.01311481100567, 30.636341069005756, -3.108209093365961]
  type: unicycle_first_order_0_sphere
- goal: [6.794010442775182, 19.402096270799568, -0.3030838526714308]
  start: [10.860891342129047, 17.86008876752195, 2.1448318563337576]
  type: unicycle_first_order_0_sphere
- goal: [44.07029772815571, 45.641405476577035, 0.5794452036444682]
  start: [29.357489614700633, 37.952914520523585, 2.3165115415101276]
  type: unicycle_first_order_0_sphere
- goal: [63.27782245233614, 53.48040891919596, 0.21162814304966515]
  start: [15.018259381515414, 31.521444428667746, 3.063294054617245]
  type: unicycle_first_order_0_sphere
- goal: [36.818688720612776, 14.172121234166378, 0.45754244197169935]
  start: [60.488624750902936, 44.04397841672984, -0.6435912821018821]
  type: unicycle_first_order_0_sphere
