environment:
  max: [70.0, 70.0]
  min: [0.0, 0.0]
  obstacles: []
robots:
- goal: [30.707637432785393, 26.20694920347429, -2.469583387682043]
  start: [54.938731465164, 60.559848958208526, -0.6843343432815585]
  type: unicycle_first_order_0_sphere
- goal: [13.214950577258067, 13.846040329287868, 1.97183740610443]
  start: [33.54651288264374, 17.127433225351542, -1.525901406082292]
  type: unicycle_first_order_0_sphere
- goal: [42.20521565763929, 45.14788966985898, 2.5846283656487428]
  start: [29.678207400766038, 18.13410690643342, 0.5711594625931578]
  type: unicycle_first_order_0_sphere
- goal: [27.627770066965002, 43.06590095852376, -0.29991824473395434]
  start: [10.829242336572017, 26.112850575369574, -1.3532684458617685]
  type: unicycle_first_order_0_sphere
- goal: [23.20389593078219, 7.091092756794959, -0.8429526769692637]
  start: [42.416549129188915, 15.863444992064059, -2.2997266757168]
  type: unicycle_first_order_0_sphere
- goal: [4.03184358890218, 66.51622742701365, 1.3829380410024852]
  start: [32.24839014755609, 50.13211529276543, 2.3060852663777727]
  type: unicycle_first_order_0_sphere
