environment:
  max: [70.0, 70.0]
  min: [0.0, 0.0]
  obstacles:
  - center: [30.8, 30.8]
    size: [16.8, 16.8]
    type: box
  - center: [11.2, 53.2]
    size: [16.8, 16.8]
    type: box
  - center: [53.2, 16.8]
    size: [16.8, 16.8]
    type: box
  - center: [42.0, 56.0]
    size: [16.8, 16.8]
    type: box
  - center: [22.4, 8.4]
    size: [16.8, 16.8]
    type: box
robots:
- goal: [62.3699858925955, 29.641114357881424, 0.0, 0.0]
  start: [67.15139411414646, 10.767048205346933, 0.0, 0.0]
  type: unicycle_second_order_0
- goal: [57.97092268065965, 4.678430900315223, 0.0, 0.0]
  start: [57.6623896226004, 61.732354262258454, 0.0, 0.0]
  type: unicycle_second_order_0
- goal: [50.622103131414825, 45.66922045863685, 0.0, 0.0]
  start: [11.736604066069964, 26.342570005872393, 0.0, 0.0]
  type: unicycle_second_order_0
- goal: [5.404580063029913, 18.205830190337316, 0.0, 0.0]
  start: [60.47036493935333, 44.16237893702535, 0.0, 0.0]
  type: unicycle_second_order_0
- goal: [7.938617969203807, 14.422476951788635, 0.0, 0.0]
  start: [29.51661176806096, 46.440169823180575, 0.0, 0.0]
  type: unicycle_second_order_0
- goal: [52.9779326898089, 41.725224574001935, 0.0, 0.0]
  start: [67.7074465833731, 54.045481112001205, 0.0, 0.0]
  type: unicycle_second_order_0
