environment:
  max: [70.0, 70.0]
  min: [0.0, 0.0]
  obstacles:
  - center: [30.8, 30.8]
    size: [16.8, 16.8]
    type: box
  - center: [11.2, 53.2]
    size: [16.8, 16.8]
    type: box
  - center: [53.2, 16.8]
    size: [16.8, 16.8]
    type: box
  - center: [42.0, 56.0]
    size: [16.8, 16.8]
    type: box
  - center: [22.4, 8.4]
    size: [16.8, 16.8]
    type: box
robots:
- goal: [10.680877656861469, 35.88788469072139, 0.0, 0.0]
  start: [66.61960679791875, 14.730369360463046, 0.0, 0.0]
  type: unicycle_second_order_0
- goal: [9.992271131186307, 63.18910356892435, 0.0, 0.0]
  start: [66.68369824028804, 57.5589035327989, 0.0, 0.0]
  type: unicycle_second_order_0
- goal: [11.037494683658778, 17.649188542866312, 0.0, 0.0]
  start: [42.34078287602272, 23.473064018444788, 0.0, 0.0]
  type: unicycle_second_order_0
- goal: [58.78157489384551, 55.50292759153096, 0.0, 0.0]
  start: [41.95960333115869, 18.495671129001966, 0.0, 0.0]
  type: unicycle_second_order_0
- goal: [56.96267877492255, 61.476814168234945, 0.0, 0.0]
  start: [51.54965922161273, 40.44014630851515, 0.0, 0.0]
  type: unicycle_second_order_0
- goal: [19.573334257837644, 32.057094652414506, 0.0, 0.0]
  start: [38.41202356644547, 13.703801940181245, 0.0, 0.0]
  type: unicycle_second_order_0
