environment:
  max: [70.0, 70.0]
  min: [0.0, 0.0]
  obstacles:
  - center: [30.8, 30.8]
    size: [16.8, 16.8]
    type: box
  - center: [11.2, 53.2]
    size: [16.8, 16.8]
    type: box
  - center: [53.2, 16.8]
    size: [16.8, 16.8]
    type: box
  - center: [42.0, 56.0]
    size: [16.8, 16.8]
    type: box
  - center: [22.4, 8.4]
    size: [16.8, 16.8]
    type: box
robots:
- goal: [40.69719634644688, 6.856481079121554, 0.0, 0.0]
  start: [6.26850594053947, 16.75018181062108, 0.0, 0.0]
  type: unicycle_second_order_0
- goal: [8.21163809877258, 27.45765580566861, 0.0, 0.0]
  start: [33.54739642039367, 11.405961862374129, 0.0, 0.0]
  type: unicycle_second_order_0
- goal: [66.6380199636131, 20.036296562871282, 0.0, 0.0]
  start: [30.189678742472932, 41.01869826700465, 0.0, 0.0]
  type: unicycle_second_order_0
- goal: [53.94929648188661, 2.433730498799456, 0.0, 0.0]
  start: [62.16163067885284, 40.90528196768452, 0.0, 0.0]
  type: unicycle_second_order_0
- goal: [21.004430299368604, 51.76364584418377, 0.0, 0.0]
  start: [64.91812781916174, 14.696347762007784, 0.0, 0.0]
  type: unicycle_second_order_0
- goal: [59.2532803441463, 27.64481697469743, 0.0, 0.0]
  start: [52.93889098540563, 61.24418805290854, 0.0, 0.0]
  type: unicycle_second_order_0
