environment:
  max: [50.0, 50.0]
  min: [0.0, 0.0]
  obstacles:
  - center: [22, 22]
    size: [8, 8]
    type: box
  - center: [8, 38]
    size: [8, 8]
    type: box
  - center: [38, 12]
    size: [8, 8]
    type: box
  - center: [30, 40]
    size: [8, 8]
    type: box
  - center: [16, 5]
    size: [8, 8]
    type: box
robots:
- goal: [25.875659888588295, 16.283500835413612, -1.3670105282856249]
  start: [7.292153438910077, 44.9605619251447, -1.7208737661847693]
  type: unicycle_first_order_0_sphere
- goal: [8.032270959629896, 12.713978002357502, 2.32411409203002]
  start: [30.19797129474609, 16.837834824919508, 1.1224833488520174]
  type: unicycle_first_order_0_sphere
