environment:
  max: [50.0, 50.0]
  min: [0.0, 0.0]
  obstacles:
  - center: [22, 22]
    size: [8, 8]
    type: box
  - center: [8, 38]
    size: [8, 8]
    type: box
  - center: [38, 12]
    size: [8, 8]
    type: box
  - center: [30, 40]
    size: [8, 8]
    type: box
  - center: [16, 5]
    size: [8, 8]
    type: box
robots:
- goal: [6.48794360696103, 2.989905290403363, 2.200317124970402]
  start: [26.873869657272408, 17.304599707834914, -0.8226747951461473]
  type: unicycle_first_order_0_sphere
- goal: [42.1784024867749, 21.685495252262008, 0.8009046481796953]
  start: [39.00385810292484, 2.810899211825033, -1.8382133040260147]
  type: unicycle_first_order_0_sphere
