environment:
  max: [70.0, 70.0]
  min: [0.0, 0.0]
  obstacles:
  - center: [35.0, 9.8]
    size: [2.8, 19.6]
    type: box
  - center: [35.0, 60.2]
    size: [2.8, 19.6]
    type: box
  - center: [9.8, 35.0]
    size: [19.6, 2.8]
    type: box
  - center: [60.2, 35.0]
    size: [19.6, 2.8]
    type: box
robots:
- goal: [48.1079753319466, 58.69712314374877, 0.0, 0.0]
  start: [66.61960679791875, 14.730369360463046, 0.0, 0.0]
  type: unicycle_second_order_0
- goal: [40.25331086751736, 52.56420029604364, 0.0, 0.0]
  start: [66.68369824028804, 57.5589035327989, 0.0, 0.0]
  type: unicycle_second_order_0
- goal: [9.992271131186307, 63.18910356892435, 0.0, 0.0]
  start: [65.05504964130361, 10.3835831746662, 0.0, 0.0]
  type: unicycle_second_order_0
- goal: [36.236641903326046, 22.690211396331367, 0.0, 0.0]
  start: [59.493991495115885, 21.569890405369808, 0.0, 0.0]
  type: unicycle_second_order_0
- goal: [11.037494683658778, 17.649188542866312, 0.0, 0.0]
  start: [42.34078287602272, 23.473064018444788, 0.0, 0.0]
  type: unicycle_second_order_0
- goal: [23.87185222966231, 10.631410852895831, 0.0, 0.0]
  start: [41.95960333115869, 18.495671129001966, 0.0, 0.0]
  type: unicycle_second_order_0
