environment:
  max: [70.0, 70.0]
  min: [0.0, 0.0]
  obstacles:
  - center: [35.0, 9.8]
    size: [2.8, 19.6]
    type: box
  - center: [35.0, 60.2]
    size: [2.8, 19.6]
    type: box
  - center: [9.8, 35.0]
    size: [19.6, 2.8]
    type: box
  - center: [60.2, 35.0]
    size: [19.6, 2.8]
    type: box
robots:
- goal: [40.69719634644688, 6.856481079121554, 0.0, 0.0]
  start: [6.26850594053947, 16.75018181062108, 0.0, 0.0]
  type: unicycle_second_order_0
- goal: [30.189678742472932, 41.01869826700465, 0.0, 0.0]
  start: [8.21163809877258, 27.45765580566861, 0.0, 0.0]
  type: unicycle_second_order_0
- goal: [48.60581009053703, 20.627052979856177, 0.0, 0.0]
  start: [66.6380199636131, 20.036296562871282, 0.0, 0.0]
  type: unicycle_second_order_0
- goal: [53.94929648188661, 2.433730498799456, 0.0, 0.0]
  start: [62.16163067885284, 40.90528196768452, 0.0, 0.0]
  type: unicycle_second_order_0
- goal: [64.91812781916174, 14.696347762007784, 0.0, 0.0]
  start: [26.279943794378084, 6.629324960301138, 0.0, 0.0]
  type: unicycle_second_order_0
- goal: [15.495451035281018, 57.87468014283385, 0.0, 0.0]
  start: [21.004430299368604, 51.76364584418377, 0.0, 0.0]
  type: unicycle_second_order_0
