environment:
  max: [70.0, 70.0]
  min: [0.0, 0.0]
  obstacles:
  - center: [35.0, 9.8]
    size: [2.8, 19.6]
    type: box
  - center: [35.0, 60.2]
    size: [2.8, 19.6]
    type: box
  - center: [9.8, 35.0]
    size: [19.6, 2.8]
    type: box
  - center: [60.2, 35.0]
    size: [19.6, 2.8]
    type: box
robots:
- goal: [15.945596431069676, 21.143333758078363, 0.0, 0.0]
  start: [43.67424262391495, 62.543195422631065, 0.0, 0.0]
  type: unicycle_second_order_0
- goal: [18.002416243362788, 31.191537059602442, 0.0, 0.0]
  start: [32.77657811006188, 21.342074855418808, 0.0, 0.0]
  type: unicycle_second_order_0
- goal: [63.92682347146001, 43.960675516541734, 0.0, 0.0]
  start: [11.438768414220897, 42.803606787355996, 0.0, 0.0]
  type: unicycle_second_order_0
- goal: [11.039991694099248, 18.885107327262, 0.0, 0.0]
  start: [13.670862293518722, 48.31569603060174, 0.0, 0.0]
  type: unicycle_second_order_0
- goal: [41.80817973563851, 4.438075622122414, 0.0, 0.0]
  start: [51.764635152272405, 6.6739036929535045, 0.0, 0.0]
  type: unicycle_second_order_0
- goal: [42.28470391145035, 44.56881856327811, 0.0, 0.0]
  start: [22.72916629327699, 10.744505358111164, 0.0, 0.0]
  type: unicycle_second_order_0
