environment:
  max: [70.0, 70.0]
  min: [0.0, 0.0]
  obstacles:
  - center: [35.0, 9.8]
    size: [2.8, 19.6]
    type: box
  - center: [35.0, 60.2]
    size: [2.8, 19.6]
    type: box
  - center: [9.8, 35.0]
    size: [19.6, 2.8]
    type: box
  - center: [60.2, 35.0]
    size: [19.6, 2.8]
    type: box
robots:
- goal: [42.69975896860732, 32.15962652813315, 0.0, 0.0]
  start: [17.097544076969413, 44.04833827987942, 0.0, 0.0]
  type: unicycle_second_order_0
- goal: [28.327988553822745, 34.22216048574426, 0.0, 0.0]
  start: [18.12897534468377, 4.827881369023133, 0.0, 0.0]
  type: unicycle_second_order_0
- goal: [62.137662963742166, 42.01122861137175, 0.0, 0.0]
  start: [49.95566914775488, 22.44467832904937, 0.0, 0.0]
  type: unicycle_second_order_0
- goal: [21.890573393538617, 21.579515125211664, 0.0, 0.0]
  start: [13.098413292283853, 23.95289417076715, 0.0, 0.0]
  type: unicycle_second_order_0
- goal: [31.491693612958326, 11.264026919642738, 0.0, 0.0]
  start: [67.90146292199329, 42.93736573772122, 0.0, 0.0]
  type: unicycle_second_order_0
- goal: [44.169542210922124, 66.0820821134409, 0.0, 0.0]
  start: [62.07143884628019, 14.383494397328866, 0.0, 0.0]
  type: unicycle_second_order_0
