environment:
  max: [70.0, 70.0]
  min: [0.0, 0.0]
  obstacles:
  - center: [35.0, 9.8]
    size: [2.8, 19.6]
    type: box
  - center: [35.0, 60.2]
    size: [2.8, 19.6]
    type: box
  - center: [9.8, 35.0]
    size: [19.6, 2.8]
    type: box
  - center: [60.2, 35.0]
    size: [19.6, 2.8]
    type: box
robots:
- goal: [54.24448612724985, 49.98282721928754, 0.0, 0.0]
  start: [60.67344376033584, 20.217695718248454, 0.0, 0.0]
  type: unicycle_second_order_0
- goal: [30.648714643411274, 33.95602483279389, 0.0, 0.0]
  start: [59.9900499033256, 64.00100832818315, 0.0, 0.0]
  type: unicycle_second_order_0
- goal: [21.07501820943176, 51.6937364597173, 0.0, 0.0]
  start: [54.735126957409726, 22.213764732286865, 0.0, 0.0]
  type: unicycle_second_order_0
- goal: [25.99479367858647, 42.34591048150967, 0.0, 0.0]
  start: [38.778867040188594, 64.34775339312836, 0.0, 0.0]
  type: unicycle_second_order_0
- goal: [9.102419223509395, 67.0897300150572, 0.0, 0.0]
  start: [55.307053314621676, 13.856990792046721, 0.0, 0.0]
  type: unicycle_second_order_0
- goal: [54.5608230026927, 5.7831001034544105, 0.0, 0.0]
  start: [16.007388772477388, 26.474967907825288, 0.0, 0.0]
  type: unicycle_second_order_0
