environment:
  max: [70.0, 70.0]
  min: [0.0, 0.0]
  obstacles: []
robots:
- goal: [62.36991508882138, 4.473136162502939, 0.0, 0.0]
  start: [4.871117398997407, 60.42422657735008, 0.0, 0.0]
  type: unicycle_second_order_0
- goal: [48.35643386835445, 55.78632386808603, 0.0, 0.0]
  start: [54.079422156207556, 30.621123013365906, 0.0, 0.0]
  type: unicycle_second_order_0
- goal: [6.695643378518613, 19.347699313894893, 0.0, 0.0]
  start: [10.77670733406127, 17.80031413184975, 0.0, 0.0]
  type: unicycle_second_order_0
- goal: [44.10192996561512, 45.678516878542595, 0.0, 0.0]
  start: [29.337811624658375, 37.96321267126902, 0.0, 0.0]
  type: unicycle_second_order_0
- goal: [63.37644003044172, 53.544858477611704, 0.0, 0.0]
  start: [14.94857399928875, 31.50931312943745, 0.0, 0.0]
  type: unicycle_second_order_0
- goal: [36.82503131213506, 14.099484984878611, 0.0, 0.0]
  start: [60.577515132982846, 44.0755188668264, 0.0, 0.0]
  type: unicycle_second_order_0
