environment:
  max: [70.0, 70.0]
  min: [0.0, 0.0]
  obstacles:
  - center: [30.8, 30.8]
    size: [16.8, 16.8]
    type: box
  - center: [11.2, 53.2]
    size: [16.8, 16.8]
    type: box
  - center: [53.2, 16.8]
    size: [16.8, 16.8]
    type: box
  - center: [42.0, 56.0]
    size: [16.8, 16.8]
    type: box
  - center: [22.4, 8.4]
    size: [16.8, 16.8]
    type: box
robots:
- goal: [62.511695595073284, 29.61336841409697, 0.0, 0.0]
  start: [67.31785983729446, 10.64158068035607, 0.0, 0.0]
  type: double_integrator_0
- goal: [58.089855976112936, 4.521439203182546, 0.0, 0.0]
  start: [57.77972547010344, 61.87076258968328, 0.0, 0.0]
  type: double_integrator_0
- goal: [50.70298748391384, 45.72446097146708, 0.0, 0.0]
  start: [11.616156473244859, 26.29774565581593, 0.0, 0.0]
  type: double_integrator_0
- goal: [5.251348045650328, 18.118877394072534, 0.0, 0.0]
  start: [60.60223924326127, 44.209817689761636, 0.0, 0.0]
  type: double_integrator_0
- goal: [7.798506081266762, 14.31593562289154, 0.0, 0.0]
  start: [29.48822120483716, 46.499401971428654, 0.0, 0.0]
  type: double_integrator_0
- goal: [53.071014487608714, 41.760044817505815, 0.0, 0.0]
  start: [67.8767913006969, 54.14409020418411, 0.0, 0.0]
  type: double_integrator_0
