environment:
  max: [70.0, 70.0]
  min: [0.0, 0.0]
  obstacles:
  - center: [30.8, 30.8]
    size: [16.8, 16.8]
    type: box
  - center: [11.2, 53.2]
    size: [16.8, 16.8]
    type: box
  - center: [53.2, 16.8]
    size: [16.8, 16.8]
    type: box
  - center: [42.0, 56.0]
    size: [16.8, 16.8]
    type: box
  - center: [22.4, 8.4]
    size: [16.8, 16.8]
    type: box
robots:
- goal: [5.784270865523472, 42.48270149005356, 0.0, 0.0]
  start: [65.88101055839402, 35.789530431161, 0.0, 0.0]
  type: double_integrator_0
- goal: [25.91988774787428, 67.68462099134156, 0.0, 0.0]
  start: [30.155590557740087, 55.13958621283975, 0.0, 0.0]
  type: double_integrator_0
- goal: [65.86341643530295, 46.546321962513005, 0.0, 0.0]
  start: [12.53517322761008, 42.58695769406496, 0.0, 0.0]
  type: double_integrator_0
- goal: [36.539464054137895, 44.83961340036245, 0.0, 0.0]
  start: [66.96318534181452, 24.540636767611154, 0.0, 0.0]
  type: double_integrator_0
- goal: [13.447958816520071, 32.20614608856916, 0.0, 0.0]
  start: [40.71650130509909, 18.81798730332371, 0.0, 0.0]
  type: double_integrator_0
- goal: [61.780346698735144, 26.795740285776105, 0.0, 0.0]
  start: [12.049868415405356, 15.578210691948366, 0.0, 0.0]
  type: double_integrator_0
