environment:
  max: [70.0, 70.0]
  min: [0.0, 0.0]
  obstacles:
  - center: [30.8, 30.8]
    size: [16.8, 16.8]
    type: box
  - center: [11.2, 53.2]
    size: [16.8, 16.8]
    type: box
  - center: [53.2, 16.8]
    size: [16.8, 16.8]
    type: box
  - center: [42.0, 56.0]
    size: [16.8, 16.8]
    type: box
  - center: [22.4, 8.4]
    size: [16.8, 16.8]
    type: box
robots:
- goal: [54.879203865048076, 3.5014190440774904, 0.0, 0.0]
  start: [8.721174529637144, 3.755527469269132, 0.0, 0.0]
  type: double_integrator_0
- goal: [8.673083197124177, 13.137641411844715, 0.0, 0.0]
  start: [59.385634487336254, 30.29488837235564, 0.0, 0.0]
  type: double_integrator_0
- goal: [41.05340829907913, 22.394720317029684, 0.0, 0.0]
  start: [53.08482040451675, 37.77804714280719, 0.0, 0.0]
  type: double_integrator_0
- goal: [62.51162442470848, 4.315081539860188, 0.0, 0.0]
  start: [67.79309390421449, 19.386024609421604, 0.0, 0.0]
  type: double_integrator_0
- goal: [10.651289819774162, 17.711261752478727, 0.0, 0.0]
  start: [54.17820698013161, 30.59845112170334, 0.0, 0.0]
  type: double_integrator_0
- goal: [44.14905574026704, 45.73380552413052, 0.0, 0.0]
  start: [6.5490959169526795, 19.26665861179059, 0.0, 0.0]
  type: double_integrator_0
