environment:
  max: [70.0, 70.0]
  min: [0.0, 0.0]
  obstacles:
  - center: [30.8, 30.8]
    size: [16.8, 16.8]
    type: box
  - center: [11.2, 53.2]
    size: [16.8, 16.8]
    type: box
  - center: [53.2, 16.8]
    size: [16.8, 16.8]
    type: box
  - center: [42.0, 56.0]
    size: [16.8, 16.8]
    type: box
  - center: [22.4, 8.4]
    size: [16.8, 16.8]
    type: box
robots:
- goal: [32.765066213207334, 21.271360149306147, 0.0, 0.0]
  start: [15.846941142344251, 21.07159005831241, 0.0, 0.0]
  type: double_integrator_0
- goal: [11.316778759891763, 42.84401041783023, 0.0, 0.0]
  start: [17.91441025949248, 31.17181852002046, 0.0, 0.0]
  type: double_integrator_0
- goal: [64.0765937915418, 44.00706993802342, 0.0, 0.0]
  start: [2.6369154305196507, 36.0377507729145, 0.0, 0.0]
  type: double_integrator_0
- goal: [10.915937349982356, 18.80167152809584, 0.0, 0.0]
  start: [34.78207844692724, 17.401790065304954, 0.0, 0.0]
  type: double_integrator_0
- goal: [41.84342948434274, 4.279839471481602, 0.0, 0.0]
  start: [51.85143503112143, 6.527243672894282, 0.0, 0.0]
  type: double_integrator_0
- goal: [10.659924936035297, 30.839848663016664, 0.0, 0.0]
  start: [42.322420891940624, 44.61836168094675, 0.0, 0.0]
  type: double_integrator_0
