environment:
  max: [70.0, 70.0]
  min: [0.0, 0.0]
  obstacles:
  - center: [35.0, 9.8]
    size: [2.8, 19.6]
    type: box
  - center: [35.0, 60.2]
    size: [2.8, 19.6]
    type: box
  - center: [9.8, 35.0]
    size: [19.6, 2.8]
    type: box
  - center: [60.2, 35.0]
    size: [19.6, 2.8]
    type: box
robots:
- goal: [57.84087078928478, 28.671179804930535, 0.0, 0.0]
  start: [66.27086646546589, 21.88465220513083, 0.0, 0.0]
  type: double_integrator_0
- goal: [23.13230063998672, 55.10348062895977, 0.0, 0.0]
  start: [2.070870193041865, 52.66986367463401, 0.0, 0.0]
  type: double_integrator_0
- goal: [14.330830275127626, 18.433239828796907, 0.0, 0.0]
  start: [31.758802896801402, 9.492706298127382, 0.0, 0.0]
  type: double_integrator_0
- goal: [19.449316921962343, 11.347445011626341, 0.0, 0.0]
  start: [67.17750639836594, 50.667858871915286, 0.0, 0.0]
  type: double_integrator_0
- goal: [4.495765666746329, 44.85057338901443, 0.0, 0.0]
  start: [54.284813069658156, 42.87633008339691, 0.0, 0.0]
  type: double_integrator_0
- goal: [35.6618629420492, 35.758955247317346, 0.0, 0.0]
  start: [41.47798896186859, 18.278792107284453, 0.0, 0.0]
  type: double_integrator_0
