environment:
  max: [70.0, 70.0]
  min: [0.0, 0.0]
  obstacles:
  - center: [35.0, 9.8]
    size: [2.8, 19.6]
    type: box
  - center: [35.0, 60.2]
    size: [2.8, 19.6]
    type: box
  - center: [9.8, 35.0]
    size: [19.6, 2.8]
    type: box
  - center: [60.2, 35.0]
    size: [19.6, 2.8]
    type: box
robots:
- goal: [59.041398062710606, 25.79128750213271, 0.0, 0.0]
  start: [35.492649282960365, 35.445034599083485, 0.0, 0.0]
  type: double_integrator_0
- goal: [16.887432382703473, 51.827090400938545, 0.0, 0.0]
  start: [27.9899407320428, 65.42001171038761, 0.0, 0.0]
  type: double_integrator_0
- goal: [44.82352786124736, 7.614137880768866, 0.0, 0.0]
  start: [47.83910330320649, 32.47855789781069, 0.0, 0.0]
  type: double_integrator_0
- goal: [13.673575677691003, 27.36498629170119, 0.0, 0.0]
  start: [44.436459952382535, 26.392923033462143, 0.0, 0.0]
  type: double_integrator_0
- goal: [56.52641348971648, 10.804692113253397, 0.0, 0.0]
  start: [26.66913333383965, 49.864073129474306, 0.0, 0.0]
  type: double_integrator_0
- goal: [5.271089832967245, 59.955313504501795, 0.0, 0.0]
  start: [44.16109659742061, 65.31678826480952, 0.0, 0.0]
  type: double_integrator_0
