environment:
  max: [70.0, 70.0]
  min: [0.0, 0.0]
  obstacles:
  - center: [35.0, 9.8]
    size: [2.8, 19.6]
    type: box
  - center: [35.0, 60.2]
    size: [2.8, 19.6]
    type: box
  - center: [9.8, 35.0]
    size: [19.6, 2.8]
    type: box
  - center: [60.2, 35.0]
    size: [19.6, 2.8]
    type: box
robots:
- goal: [15.846941142344251, 21.07159005831241, 0.0, 0.0]
  start: [43.71915402234528, 62.6858019275794, 0.0, 0.0]
  type: double_integrator_0
- goal: [17.91441025949248, 31.17181852002046, 0.0, 0.0]
  start: [32.765066213207334, 21.271360149306147, 0.0, 0.0]
  type: double_integrator_0
- goal: [64.0765937915418, 44.00706993802342, 0.0, 0.0]
  start: [11.316778759891763, 42.84401041783023, 0.0, 0.0]
  type: double_integrator_0
- goal: [10.915937349982356, 18.80167152809584, 0.0, 0.0]
  start: [13.56042943577615, 48.38463882546418, 0.0, 0.0]
  type: double_integrator_0
- goal: [41.84342948434274, 4.279839471481602, 0.0, 0.0]
  start: [51.85143503112143, 6.527243672894282, 0.0, 0.0]
  type: double_integrator_0
- goal: [42.322420891940624, 44.61836168094675, 0.0, 0.0]
  start: [22.665633334196997, 10.618921116210494, 0.0, 0.0]
  type: double_integrator_0
