environment:
  max: [70.0, 70.0]
  min: [0.0, 0.0]
  obstacles:
  - center: [35.0, 9.8]
    size: [2.8, 19.6]
    type: box
  - center: [35.0, 60.2]
    size: [2.8, 19.6]
    type: box
  - center: [9.8, 35.0]
    size: [19.6, 2.8]
    type: box
  - center: [60.2, 35.0]
    size: [19.6, 2.8]
    type: box
robots:
- goal: [42.73962492092727, 32.1449203283856, 0.0, 0.0]
  start: [17.00485306454325, 44.095186580444555, 0.0, 0.0]
  type: double_integrator_0
- goal: [28.29344382439992, 34.21813317617335, 0.0, 0.0]
  start: [18.041624627961365, 4.671663460431629, 0.0, 0.0]
  type: double_integrator_0
- goal: [62.27816980067022, 42.04752965750381, 0.0, 0.0]
  start: [50.033102999332336, 22.379672416898543, 0.0, 0.0]
  type: double_integrator_0
- goal: [21.822698570681705, 21.510029779980687, 0.0, 0.0]
  start: [12.985016546362198, 23.895697134332988, 0.0, 0.0]
  type: double_integrator_0
- goal: [62.21160280396748, 14.276751233976468, 0.0, 0.0]
  start: [31.473529151483643, 11.141132531007042, 0.0, 0.0]
  type: double_integrator_0
- goal: [31.03165565232842, 45.68603164175061, 0.0, 0.0]
  start: [44.217018051927894, 66.24301141117493, 0.0, 0.0]
  type: double_integrator_0
