environment:
  max: [70.0, 70.0]
  min: [0.0, 0.0]
  obstacles:
  - center: [30.8, 30.8]
    size: [16.8, 16.8]
    type: box
  - center: [11.2, 53.2]
    size: [16.8, 16.8]
    type: box
  - center: [53.2, 16.8]
    size: [16.8, 16.8]
    type: box
  - center: [42.0, 56.0]
    size: [16.8, 16.8]
    type: box
  - center: [22.4, 8.4]
    size: [16.8, 16.8]
    type: box
robots:
- goal: [66.27086646546589, 21.88465220513083, 0.0, 0.0]
  start: [35.82396724160789, 66.39731963391769, 0.0, 0.0]
  type: double_integrator_0
- goal: [23.13230063998672, 55.10348062895977, 0.0, 0.0]
  start: [57.84087078928478, 28.671179804930535, 0.0, 0.0]
  type: double_integrator_0
- goal: [19.694490431626978, 33.967810917884954, 0.0, 0.0]
  start: [14.330830275127626, 18.433239828796907, 0.0, 0.0]
  type: double_integrator_0
- goal: [36.11998041268714, 8.22583318921269, 0.0, 0.0]
  start: [67.17750639836594, 50.667858871915286, 0.0, 0.0]
  type: double_integrator_0
