environment:
  max: [70.0, 70.0]
  min: [0.0, 0.0]
  obstacles:
  - center: [30.8, 30.8]
    size: [16.8, 16.8]
    type: box
  - center: [11.2, 53.2]
    size: [16.8, 16.8]
    type: box
  - center: [53.2, 16.8]
    size: [16.8, 16.8]
    type: box
  - center: [42.0, 56.0]
    size: [16.8, 16.8]
    type: box
  - center: [22.4, 8.4]
    size: [16.8, 16.8]
    type: box
robots:
- goal: [10.554963978816811, 35.89248176562856, 0.0, 0.0]
  start: [66.78331916113957, 14.625422162516536, 0.0, 0.0]
  type: double_integrator_0
- goal: [9.862792152587216, 63.33505430107099, 0.0, 0.0]
  start: [66.84774244069962, 57.67570357502043, 0.0, 0.0]
  type: double_integrator_0
- goal: [10.913427411124314, 17.559353701920934, 0.0, 0.0]
  start: [42.37879020863141, 23.413382633337875, 0.0, 0.0]
  type: double_integrator_0
- goal: [58.904705388537195, 55.609082698088955, 0.0, 0.0]
  start: [41.99563708438355, 18.410219001146196, 0.0, 0.0]
  type: double_integrator_0
