environment:
  max: [70.0, 70.0]
  min: [0.0, 0.0]
  obstacles:
  - center: [30.8, 30.8]
    size: [16.8, 16.8]
    type: box
  - center: [11.2, 53.2]
    size: [16.8, 16.8]
    type: box
  - center: [53.2, 16.8]
    size: [16.8, 16.8]
    type: box
  - center: [42.0, 56.0]
    size: [16.8, 16.8]
    type: box
  - center: [22.4, 8.4]
    size: [16.8, 16.8]
    type: box
robots:
- goal: [58.99290332132924, 27.50060510413403, 0.0, 0.0]
  start: [56.25870378505299, 56.4634730446336, 0.0, 0.0]
  type: double_integrator_0
- goal: [62.56274228716457, 60.942024121296136, 0.0, 0.0]
  start: [47.315247822625295, 4.387949093176507, 0.0, 0.0]
  type: double_integrator_0
- goal: [16.565497074240145, 22.438990405984548, 0.0, 0.0]
  start: [48.83628572518625, 31.413523822998215, 0.0, 0.0]
  type: double_integrator_0
- goal: [44.436459952382535, 26.392923033462143, 0.0, 0.0]
  start: [27.9899407320428, 65.42001171038761, 0.0, 0.0]
  type: double_integrator_0
