environment:
  max: [70.0, 70.0]
  min: [0.0, 0.0]
  obstacles:
  - center: [30.8, 30.8]
    size: [11.2, 11.2]
    type: box
  - center: [11.2, 53.2]
    size: [11.2, 11.2]
    type: box
  - center: [53.2, 16.8]
    size: [11.2, 11.2]
    type: box
  - center: [42.0, 56.0]
    size: [11.2, 11.2]
    type: box
  - center: [22.4, 7.0]
    size: [11.2, 11.2]
    type: box
robots:
- goal: [10.7653947049676, 35.88479899576663, -2.2875845946504785]
  start: [66.50971813536219, 14.800813076469048, 2.063680077375216]
  type: unicycle_first_order_0_sphere
- goal: [64.95059833584428, 10.469133420093305, 1.5430259737653298]
  start: [66.5735868386276, 57.48050383118956, -1.0165231716052343]
  type: unicycle_first_order_0_sphere
- goal: [36.23234416092569, 22.732992010734836, -1.3670105282856249]
  start: [10.079181316266524, 63.091137047403244, -1.7208737661847693]
  type: unicycle_first_order_0_sphere
- goal: [11.120772368847776, 17.709488390283166, 2.32411409203002]
  start: [42.31527121113961, 23.513123959306274, 1.1224833488520174]
  type: unicycle_first_order_0_sphere
