environment:
  max: [70.0, 70.0]
  min: [0.0, 0.0]
  obstacles:
  - center: [30.8, 30.8]
    size: [11.2, 11.2]
    type: box
  - center: [11.2, 53.2]
    size: [11.2, 11.2]
    type: box
  - center: [53.2, 16.8]
    size: [11.2, 11.2]
    type: box
  - center: [42.0, 56.0]
    size: [11.2, 11.2]
    type: box
  - center: [22.4, 7.0]
    size: [11.2, 11.2]
    type: box
robots:
- goal: [12.839036459891233, 24.62734652518066, -1.6930592803172302]
  start: [17.781970055293623, 65.87062835158623, -1.9520575950999757]
  type: unicycle_first_order_0_sphere
- goal: [7.83342303504043, 18.274687650384426, -0.5221575764625386]
  start: [46.77780082559942, 8.40198530473022, 2.4900852339587924]
  type: unicycle_first_order_0_sphere
- goal: [4.896978588321781, 65.17570223260313, 0.9377048940811381]
  start: [65.86135240162166, 64.21623149316322, 2.3891812125742087]
  type: unicycle_first_order_0_sphere
- goal: [55.244232313423296, 46.16894194553225, 1.7520039692456875]
  start: [60.67450892579797, 28.649604142668508, -1.7631250405439107]
  type: unicycle_first_order_0_sphere
