environment:
  max: [70.0, 70.0]
  min: [0.0, 0.0]
  obstacles:
  - center: [30.8, 30.8]
    size: [11.2, 11.2]
    type: box
  - center: [11.2, 53.2]
    size: [11.2, 11.2]
    type: box
  - center: [53.2, 16.8]
    size: [11.2, 11.2]
    type: box
  - center: [42.0, 56.0]
    size: [11.2, 11.2]
    type: box
  - center: [22.4, 7.0]
    size: [11.2, 11.2]
    type: box
robots:
- goal: [60.90349366283463, 26.13057518949538, -1.4591436573044427]
  start: [38.56330742733168, 64.60876402073815, 2.8004946201559564]
  type: unicycle_first_order_0_sphere
- goal: [39.108999410688945, 30.781324289359723, -3.1311324390329975]
  start: [37.06000800800235, 45.66283569011228, -2.1325553897642138]
  type: unicycle_first_order_0_sphere
- goal: [41.89619728031924, 13.387527179121076, 1.830319110502864]
  start: [4.21697346938942, 64.612530915222, 2.5655470354223615]
  type: unicycle_first_order_0_sphere
- goal: [3.0230960818221737, 25.37907810925047, 2.0522290026166763]
  start: [11.611148816865052, 22.606250578928506, 1.045667095525424]
  type: unicycle_first_order_0_sphere
