environment:
  max: [70.0, 70.0]
  min: [0.0, 0.0]
  obstacles:
  - center: [30.8, 30.8]
    size: [11.2, 11.2]
    type: box
  - center: [11.2, 53.2]
    size: [11.2, 11.2]
    type: box
  - center: [53.2, 16.8]
    size: [11.2, 11.2]
    type: box
  - center: [42.0, 56.0]
    size: [11.2, 11.2]
    type: box
  - center: [22.4, 7.0]
    size: [11.2, 11.2]
    type: box
robots:
- goal: [50.11710214209506, 24.31413443164052, -0.2701161745652243]
  start: [3.54831794020794, 39.94737046103081, -2.2227055371578763]
  type: unicycle_first_order_0_sphere
- goal: [38.80840393957284, 65.51603615468521, -3.026448134550076]
  start: [67.88730801866112, 54.449302519047315, 2.1600965611572187]
  type: unicycle_first_order_0_sphere
- goal: [63.23572361322861, 32.74261442410141, 2.936055617945346]
  start: [61.89260789712761, 27.382311199479027, -1.6855264869862945]
  type: unicycle_first_order_0_sphere
- goal: [41.06615012375278, 17.62474692093396, 1.8858267558782202]
  start: [53.25808455288368, 54.579750873573694, -0.8700484846977266]
  type: unicycle_first_order_0_sphere
