environment:
  max: [70.0, 70.0]
  min: [0.0, 0.0]
  obstacles:
  - center: [30.8, 30.8]
    size: [11.2, 11.2]
    type: box
  - center: [11.2, 53.2]
    size: [11.2, 11.2]
    type: box
  - center: [53.2, 16.8]
    size: [11.2, 11.2]
    type: box
  - center: [42.0, 56.0]
    size: [11.2, 11.2]
    type: box
  - center: [22.4, 7.0]
    size: [11.2, 11.2]
    type: box
robots:
- goal: [4.599358544866592, 21.90855296943603, 1.370898406505023]
  start: [29.498174784891923, 64.42757172683422, -1.420816769549856]
  type: unicycle_first_order_0_sphere
- goal: [63.76976630079024, 64.58001784600832, -0.3988504727571458]
  start: [54.41472170018145, 37.674158673099875, -1.1833410795631774]
  type: unicycle_first_order_0_sphere
- goal: [43.300143197737256, 30.36767901738501, -0.36506508328324516]
  start: [28.75975882690886, 42.8252451047084, 1.3421704739884612]
  type: unicycle_first_order_0_sphere
- goal: [66.38347669085185, 25.90488947729245, 0.9237196708567312]
  start: [45.08826233876489, 63.874387810732145, -2.8402710540263483]
  type: unicycle_first_order_0_sphere
