environment:
  max: [70.0, 70.0]
  min: [0.0, 0.0]
  obstacles:
  - center: [30.8, 30.8]
    size: [11.2, 11.2]
    type: box
  - center: [11.2, 53.2]
    size: [11.2, 11.2]
    type: box
  - center: [53.2, 16.8]
    size: [11.2, 11.2]
    type: box
  - center: [42.0, 56.0]
    size: [11.2, 11.2]
    type: box
  - center: [22.4, 7.0]
    size: [11.2, 11.2]
    type: box
robots:
- goal: [56.571266975607145, 7.905508058258398, -0.43455867012809346]
  start: [17.451978276900537, 37.48776884998923, -1.751974651563364]
  type: unicycle_first_order_0_sphere
- goal: [23.0457905495993, 40.19429892250478, -2.7045043641200732]
  start: [44.239949509905266, 48.64194007918724, -2.5423712514428387]
  type: unicycle_first_order_0_sphere
- goal: [61.89618984110788, 42.62883566165563, -1.3838634191656194]
  start: [64.76780042584531, 14.188678930291982, 0.18476338555253013]
  type: unicycle_first_order_0_sphere
- goal: [34.79589093858708, 5.329979044307687, -3.03614064483099]
  start: [11.146519392569667, 32.60545964994011, -2.0752775810009934]
  type: unicycle_first_order_0_sphere
