environment:
  max: [70.0, 70.0]
  min: [0.0, 0.0]
  obstacles:
  - center: [30.8, 30.8]
    size: [11.2, 11.2]
    type: box
  - center: [11.2, 53.2]
    size: [11.2, 11.2]
    type: box
  - center: [53.2, 16.8]
    size: [11.2, 11.2]
    type: box
  - center: [42.0, 56.0]
    size: [11.2, 11.2]
    type: box
  - center: [22.4, 7.0]
    size: [11.2, 11.2]
    type: box
robots:
- goal: [6.606663018924638, 44.032366136886786, 3.0210227397513805]
  start: [54.42522538728724, 42.31402974335389, 1.3182197570030034]
  type: unicycle_first_order_0_sphere
- goal: [66.38225092367347, 23.974233157436753, -0.3682292226808688]
  start: [29.70729741005914, 8.217053059301351, 2.8793729962960777]
  type: unicycle_first_order_0_sphere
- goal: [18.433680643141486, 33.081472684622945, 1.6415980488516517]
  start: [45.7856360055383, 30.87486154577671, -3.1399307260661273]
  type: unicycle_first_order_0_sphere
- goal: [34.820906644933906, 38.607554830502096, -0.7289150785145293]
  start: [42.35129613995803, 30.176476522890958, -1.941325418888289]
  type: unicycle_first_order_0_sphere
