environment:
  max: [70.0, 70.0]
  min: [0.0, 0.0]
  obstacles:
  - center: [30.8, 30.8]
    size: [11.2, 11.2]
    type: box
  - center: [11.2, 53.2]
    size: [11.2, 11.2]
    type: box
  - center: [53.2, 16.8]
    size: [11.2, 11.2]
    type: box
  - center: [42.0, 56.0]
    size: [11.2, 11.2]
    type: box
  - center: [22.4, 7.0]
    size: [11.2, 11.2]
    type: box
robots:
- goal: [35.442223918367226, 39.43708426343033, 0.43785828548325245]
  start: [23.271576613849692, 28.447752510664834, 0.46959156828725535]
  type: unicycle_first_order_0_sphere
- goal: [57.13737797244113, 49.660260838877136, -0.56595410147892]
  start: [60.85145230873521, 6.422344854476239, 1.523517058132203]
  type: unicycle_first_order_0_sphere
- goal: [42.05156000560351, 3.2918226033481672, -1.0530655521765961]
  start: [65.60810582868002, 2.588585318614738, 1.9034279608816131]
  type: unicycle_first_order_0_sphere
- goal: [4.193884011566891, 49.90486338207259, 1.4642667973361716]
  start: [30.801545683102315, 49.91211406960994, -0.8077846298610254]
  type: unicycle_first_order_0_sphere
