environment:
  max: [70.0, 70.0]
  min: [0.0, 0.0]
  obstacles:
  - center: [30.8, 30.8]
    size: [11.2, 11.2]
    type: box
  - center: [11.2, 53.2]
    size: [11.2, 11.2]
    type: box
  - center: [53.2, 16.8]
    size: [11.2, 11.2]
    type: box
  - center: [42.0, 56.0]
    size: [11.2, 11.2]
    type: box
  - center: [22.4, 7.0]
    size: [11.2, 11.2]
    type: box
robots:
- goal: [17.017236903392778, 42.86589546320391, -1.53652618034693]
  start: [66.14410878363574, 11.513592512671526, 1.269636401595931]
  type: unicycle_first_order_0_sphere
- goal: [32.93392240576199, 20.087912395264134, -2.4666941858466074]
  start: [43.725422665365166, 47.155835694746685, 2.3836939320274633]
  type: unicycle_first_order_0_sphere
- goal: [33.988968082488476, 39.12698742955596, 2.683528337509216]
  start: [19.543436285003462, 53.892334010617226, 1.2560569505051236]
  type: unicycle_first_order_0_sphere
- goal: [67.21146109978962, 31.04679199728199, 2.2973291527577144]
  start: [35.71787144477407, 18.002964989947195, 0.08341124716132464]
  type: unicycle_first_order_0_sphere
