environment:
  max: [70.0, 70.0]
  min: [0.0, 0.0]
  obstacles:
  - center: [30.8, 30.8]
    size: [11.2, 11.2]
    type: box
  - center: [11.2, 53.2]
    size: [11.2, 11.2]
    type: box
  - center: [53.2, 16.8]
    size: [11.2, 11.2]
    type: box
  - center: [42.0, 56.0]
    size: [11.2, 11.2]
    type: box
  - center: [22.4, 7.0]
    size: [11.2, 11.2]
    type: box
robots:
- goal: [65.64002567363656, 28.327500517863164, -1.9992084270245554]
  start: [22.810174143536216, 64.79673989745629, 1.8200334066818034]
  type: unicycle_first_order_0_sphere
- goal: [24.994189002913647, 52.52046919306317, -1.4555494301603555]
  start: [59.90280474300577, 63.12854714908754, -1.2456542078611699]
  type: unicycle_first_order_0_sphere
- goal: [62.305591672737954, 2.475847089380934, -0.9744388356779794]
  start: [54.99908809437061, 31.60303669929616, 0.9240511745083291]
  type: unicycle_first_order_0_sphere
- goal: [61.96028634915941, 67.48177815462266, -3.054774698756642]
  start: [53.68306714958497, 41.99339702737083, -2.442220255306985]
  type: unicycle_first_order_0_sphere
