environment:
  max: [70.0, 70.0]
  min: [0.0, 0.0]
  obstacles:
  - center: [30.8, 30.8]
    size: [11.2, 11.2]
    type: box
  - center: [11.2, 53.2]
    size: [11.2, 11.2]
    type: box
  - center: [53.2, 16.8]
    size: [11.2, 11.2]
    type: box
  - center: [42.0, 56.0]
    size: [11.2, 11.2]
    type: box
  - center: [22.4, 7.0]
    size: [11.2, 11.2]
    type: box
robots:
- goal: [2.4128901796328774, 66.24981224326751, 2.78868920873552]
  start: [3.9082456514661614, 35.43687083128715, 0.12085097236726039]
  type: unicycle_first_order_0_sphere
- goal: [53.01920411789217, 67.58964659347062, 0.6830036997954023]
  start: [22.684255251792848, 34.5462459608641, -1.4277055264399685]
  type: unicycle_first_order_0_sphere
- goal: [26.804349904587625, 39.758124214334636, 1.4609454351470523]
  start: [42.8562706722278, 16.442493808434968, -1.4571086513834752]
  type: unicycle_first_order_0_sphere
- goal: [15.570642271977317, 29.304097590422224, -2.869922559029482]
  start: [3.7055689756857517, 39.247122317010756, 2.9287099880955925]
  type: unicycle_first_order_0_sphere
