environment:
  max: [70.0, 70.0]
  min: [0.0, 0.0]
  obstacles:
  - center: [30.8, 30.8]
    size: [11.2, 11.2]
    type: box
  - center: [11.2, 53.2]
    size: [11.2, 11.2]
    type: box
  - center: [53.2, 16.8]
    size: [11.2, 11.2]
    type: box
  - center: [42.0, 56.0]
    size: [11.2, 11.2]
    type: box
  - center: [22.4, 7.0]
    size: [11.2, 11.2]
    type: box
robots:
- goal: [42.23482876518983, 16.57235044442998, -0.6746889114158678]
  start: [51.179730242662735, 46.82689387435173, 0.6154464031818061]
  type: unicycle_first_order_0_sphere
- goal: [6.229153826884288, 67.49451297925245, 1.8383524604035735]
  start: [29.31527019799239, 3.3283657065874945, 2.842415739525051]
  type: unicycle_first_order_0_sphere
- goal: [43.21825313565631, 2.606491667246229, -0.472339871365675]
  start: [15.809198381792676, 25.519674959495692, -1.5839974398888221]
  type: unicycle_first_order_0_sphere
- goal: [30.03215170235978, 43.83099722374036, 2.2888336851695685]
  start: [52.517938346364026, 31.920172770141647, 0.8022734947182206]
  type: unicycle_first_order_0_sphere
