environment:
  max: [70.0, 70.0]
  min: [0.0, 0.0]
  obstacles:
  - center: [30.8, 30.8]
    size: [11.2, 11.2]
    type: box
  - center: [11.2, 53.2]
    size: [11.2, 11.2]
    type: box
  - center: [53.2, 16.8]
    size: [11.2, 11.2]
    type: box
  - center: [42.0, 56.0]
    size: [11.2, 11.2]
    type: box
  - center: [22.4, 7.0]
    size: [11.2, 11.2]
    type: box
robots:
- goal: [57.75171725456351, 56.30891363579833, -1.4682694882193315]
  start: [17.80217525574821, 17.555210712131757, 1.9153409644566297]
  type: unicycle_first_order_0_sphere
- goal: [49.280210961779794, 58.66179883836768, 1.664455362086815]
  start: [20.888434464316177, 37.6048009850456, 1.3310564674078496]
  type: unicycle_first_order_0_sphere
- goal: [44.35840052174822, 46.83366759968609, 1.3071069147994328]
  start: [35.99910209701138, 48.315921563611624, 1.660631999109949]
  type: unicycle_first_order_0_sphere
- goal: [13.02272125679632, 28.30892282884413, -1.9045611157793054]
  start: [6.485516189030064, 5.720389518332023, -1.260275471930785]
  type: unicycle_first_order_0_sphere
