environment:
  max: [70.0, 70.0]
  min: [0.0, 0.0]
  obstacles:
  - center: [30.8, 30.8]
    size: [11.2, 11.2]
    type: box
  - center: [11.2, 53.2]
    size: [11.2, 11.2]
    type: box
  - center: [53.2, 16.8]
    size: [11.2, 11.2]
    type: box
  - center: [42.0, 56.0]
    size: [11.2, 11.2]
    type: box
  - center: [22.4, 7.0]
    size: [11.2, 11.2]
    type: box
robots:
- goal: [28.323973119263474, 47.64561945123284, 0.0696234436601606]
  start: [12.93174660359011, 27.968160166834682, 2.4745219716014786]
  type: unicycle_first_order_0_sphere
- goal: [45.86604168252304, 65.01835406029208, -1.7792301422560597]
  start: [10.272376231629368, 23.15770662681582, -0.5749435465673383]
  type: unicycle_first_order_0_sphere
- goal: [19.055709802554258, 53.04891394324313, 2.6385471589501046]
  start: [19.77341996002229, 14.155440612186917, -0.09894492217327855]
  type: unicycle_first_order_0_sphere
- goal: [29.823237209587248, 11.87175818871593, -2.605603497245327]
  start: [39.16616332735601, 19.399103669642674, -0.6350206338859921]
  type: unicycle_first_order_0_sphere
