environment:
  max: [70.0, 70.0]
  min: [0.0, 0.0]
  obstacles:
  - center: [30.8, 30.8]
    size: [11.2, 11.2]
    type: box
  - center: [11.2, 53.2]
    size: [11.2, 11.2]
    type: box
  - center: [53.2, 16.8]
    size: [11.2, 11.2]
    type: box
  - center: [42.0, 56.0]
    size: [11.2, 11.2]
    type: box
  - center: [22.4, 7.0]
    size: [11.2, 11.2]
    type: box
robots:
- goal: [34.30454799468196, 37.94208981728971, 2.3490339746124986]
  start: [42.23453049848929, 15.542522641137886, 0.8428527010554001]
  type: unicycle_first_order_0_sphere
- goal: [16.26397106858915, 17.88009635749006, -0.35197315924856687]
  start: [42.741774857509455, 19.988591794569977, -2.8296353572037622]
  type: unicycle_first_order_0_sphere
- goal: [19.775135457527703, 42.542442280963925, -2.477662028721428]
  start: [20.021290677589295, 56.511504903346676, 0.437665778981021]
  type: unicycle_first_order_0_sphere
- goal: [49.14057369118401, 47.72610166477344, 0.8632918923170916]
  start: [63.10724468456854, 61.830098167845655, 2.8653215414058897]
  type: unicycle_first_order_0_sphere
