environment:
  max: [70.0, 70.0]
  min: [0.0, 0.0]
  obstacles:
  - center: [30.8, 30.8]
    size: [11.2, 11.2]
    type: box
  - center: [11.2, 53.2]
    size: [11.2, 11.2]
    type: box
  - center: [53.2, 16.8]
    size: [11.2, 11.2]
    type: box
  - center: [42.0, 56.0]
    size: [11.2, 11.2]
    type: box
  - center: [22.4, 7.0]
    size: [11.2, 11.2]
    type: box
robots:
- goal: [44.301827832694556, 64.8907073727983, -2.893248783252496]
  start: [34.01608819829664, 17.706747861396856, 1.3846957067733277]
  type: unicycle_first_order_0_sphere
- goal: [33.934858325073314, 9.779024982758576, -2.6792692319296663]
  start: [58.15474132026101, 34.764856020823935, -0.38860694601436396]
  type: unicycle_first_order_0_sphere
- goal: [43.584559204599486, 44.371058817778376, -1.9221730426643344]
  start: [51.27746792301674, 46.759909269009135, -0.6350116165359352]
  type: unicycle_first_order_0_sphere
- goal: [48.16891670083075, 24.223691783432272, -1.3660967066678693]
  start: [9.57105938987972, 40.79522030495202, 0.2495977468577939]
  type: unicycle_first_order_0_sphere
