environment:
  max: [70.0, 70.0]
  min: [0.0, 0.0]
  obstacles:
  - center: [30.8, 30.8]
    size: [11.2, 11.2]
    type: box
  - center: [11.2, 53.2]
    size: [11.2, 11.2]
    type: box
  - center: [53.2, 16.8]
    size: [11.2, 11.2]
    type: box
  - center: [42.0, 56.0]
    size: [11.2, 11.2]
    type: box
  - center: [22.4, 7.0]
    size: [11.2, 11.2]
    type: box
robots:
- goal: [4.571957349093896, 48.164999077142646, 2.65400188525295]
  start: [50.88598602279199, 48.36497351500993, 2.776671642422187]
  type: unicycle_first_order_0_sphere
- goal: [50.936378184041246, 8.207345277566642, -2.459061042268723]
  start: [33.31970756669935, 23.832796747141124, 0.6401485451282589]
  type: unicycle_first_order_0_sphere
- goal: [22.51169399839433, 15.044300844985065, 1.7357038582530535]
  start: [44.48475499104807, 3.374914650278148, -2.841800610524815]
  type: unicycle_first_order_0_sphere
- goal: [16.154816947214588, 20.648889054121174, 1.286238072679133]
  start: [19.41913526288747, 43.33987196839943, -1.4495114922626064]
  type: unicycle_first_order_0_sphere
