environment:
  max: [70.0, 70.0]
  min: [0.0, 0.0]
  obstacles:
  - center: [30.8, 30.8]
    size: [11.2, 11.2]
    type: box
  - center: [11.2, 53.2]
    size: [11.2, 11.2]
    type: box
  - center: [53.2, 16.8]
    size: [11.2, 11.2]
    type: box
  - center: [42.0, 56.0]
    size: [11.2, 11.2]
    type: box
  - center: [22.4, 7.0]
    size: [11.2, 11.2]
    type: box
robots:
- goal: [19.893626938719958, 20.737328661677836, 1.0173514663217542]
  start: [30.627171595956238, 15.277800891829466, -0.5747314817771554]
  type: unicycle_first_order_0_sphere
- goal: [2.0194042535497587, 6.672307179596845, 1.3971250045816106]
  start: [28.53133212550887, 56.69880858042299, -2.092470856528834]
  type: unicycle_first_order_0_sphere
- goal: [26.778566723266938, 21.284485360118264, 0.8185896748658563]
  start: [32.36571661037087, 11.593879931221883, 0.006564515578761032]
  type: unicycle_first_order_0_sphere
- goal: [18.8216143368528, 67.42008767472771, 1.7514435841609082]
  start: [66.91712862037146, 63.23292572789565, 1.2547969288986494]
  type: unicycle_first_order_0_sphere
