environment:
  max: [70.0, 70.0]
  min: [0.0, 0.0]
  obstacles:
  - center: [30.8, 30.8]
    size: [11.2, 11.2]
    type: box
  - center: [11.2, 53.2]
    size: [11.2, 11.2]
    type: box
  - center: [53.2, 16.8]
    size: [11.2, 11.2]
    type: box
  - center: [42.0, 56.0]
    size: [11.2, 11.2]
    type: box
  - center: [22.4, 7.0]
    size: [11.2, 11.2]
    type: box
robots:
- goal: [8.340909640802593, 63.49988697802721, -1.0506312943611178]
  start: [31.795099248984, 20.342480402621426, -1.8119272600093959]
  type: unicycle_first_order_0_sphere
- goal: [26.924133113696076, 49.13197908840089, 2.2087271328336575]
  start: [55.090207041602454, 63.00876961704179, -1.8482257421017774]
  type: unicycle_first_order_0_sphere
- goal: [29.731078367942985, 50.78408450533505, -0.39279851235087815]
  start: [19.163617521600603, 14.719101928076086, -1.1286743376576571]
  type: unicycle_first_order_0_sphere
- goal: [42.024650519642876, 8.614812305186605, -1.1600896972654713]
  start: [52.8572501940063, 33.39600768305877, -0.5141733783649651]
  type: unicycle_first_order_0_sphere
