environment:
  max: [70.0, 70.0]
  min: [0.0, 0.0]
  obstacles:
  - center: [30.8, 30.8]
    size: [11.2, 11.2]
    type: box
  - center: [11.2, 53.2]
    size: [11.2, 11.2]
    type: box
  - center: [53.2, 16.8]
    size: [11.2, 11.2]
    type: box
  - center: [42.0, 56.0]
    size: [11.2, 11.2]
    type: box
  - center: [22.4, 7.0]
    size: [11.2, 11.2]
    type: box
robots:
- goal: [56.537970200363844, 35.70681389437001, 1.7551429253221373]
  start: [40.05332839507264, 36.96873813126101, 1.6565633129578359]
  type: unicycle_first_order_0_sphere
- goal: [46.83520199051152, 43.8080270428829, 2.1368004607737046]
  start: [55.461429338189085, 41.54757079995396, -0.5744210724970666]
  type: unicycle_first_order_0_sphere
- goal: [32.840915712709865, 56.497422280451296, 2.2951022642934493]
  start: [50.48969705623225, 37.00517200240809, 2.915812181786989]
  type: unicycle_first_order_0_sphere
- goal: [48.83428905793258, 29.463392640444233, -0.8207614650989701]
  start: [43.972146646329236, 3.6915945853244754, -2.796725469942496]
  type: unicycle_first_order_0_sphere
