environment:
  max: [70.0, 70.0]
  min: [0.0, 0.0]
  obstacles:
  - center: [30.8, 30.8]
    size: [11.2, 11.2]
    type: box
  - center: [11.2, 53.2]
    size: [11.2, 11.2]
    type: box
  - center: [53.2, 16.8]
    size: [11.2, 11.2]
    type: box
  - center: [42.0, 56.0]
    size: [11.2, 11.2]
    type: box
  - center: [22.4, 7.0]
    size: [11.2, 11.2]
    type: box
robots:
- goal: [30.504875858757313, 67.76626595421455, 2.498682104261955]
  start: [56.07570203080577, 56.278708570791714, 0.0962933399642707]
  type: unicycle_first_order_0_sphere
- goal: [47.20923421152666, 4.651467465401674, 0.34932070497252754]
  start: [58.786364698764, 27.565162305533168, -0.0438376661931823]
  type: unicycle_first_order_0_sphere
- goal: [62.3254733435161, 60.718706840481545, -3.0252455435944787]
  start: [19.207305873030013, 61.23389607744312, -2.73812144456103]
  type: unicycle_first_order_0_sphere
- goal: [48.71717853099528, 31.44439736254199, 1.878292217355308]
  start: [30.6236933053376, 14.494770975516426, -1.0999178035162664]
  type: unicycle_first_order_0_sphere
