environment:
  max: [70.0, 70.0]
  min: [0.0, 0.0]
  obstacles:
  - center: [30.8, 30.8]
    size: [11.2, 11.2]
    type: box
  - center: [11.2, 53.2]
    size: [11.2, 11.2]
    type: box
  - center: [53.2, 16.8]
    size: [11.2, 11.2]
    type: box
  - center: [42.0, 56.0]
    size: [11.2, 11.2]
    type: box
  - center: [22.4, 7.0]
    size: [11.2, 11.2]
    type: box
robots:
- goal: [67.7153325432818, 16.81519885174406, 0.9231465915914692]
  start: [54.86090800936569, 58.056551019725546, 0.3009926003778922]
  type: unicycle_first_order_0_sphere
- goal: [26.274804104724858, 49.26977882814642, -2.7557541686727918]
  start: [4.943301511551216, 38.84041261964361, -0.6135060278382625]
  type: unicycle_first_order_0_sphere
- goal: [23.368580235567485, 53.77765716948755, -0.16906297609226462]
  start: [16.744452023059182, 17.432185706614778, -0.3228894360242789]
  type: unicycle_first_order_0_sphere
- goal: [49.28692906864631, 47.6829489676614, -2.91079863589501]
  start: [54.37677556195232, 9.078031610955817, 0.4953014387346655]
  type: unicycle_first_order_0_sphere
