environment:
  max: [70.0, 70.0]
  min: [0.0, 0.0]
  obstacles:
  - center: [30.8, 30.8]
    size: [11.2, 11.2]
    type: box
  - center: [11.2, 53.2]
    size: [11.2, 11.2]
    type: box
  - center: [53.2, 16.8]
    size: [11.2, 11.2]
    type: box
  - center: [42.0, 56.0]
    size: [11.2, 11.2]
    type: box
  - center: [22.4, 7.0]
    size: [11.2, 11.2]
    type: box
robots:
- goal: [32.78430524150111, 21.389540693214563, -1.3921929384957314]
  start: [16.011816828349897, 21.191490287365674, 2.3471055195601043]
  type: unicycle_first_order_0_sphere
- goal: [11.520651539577056, 42.776486655266424, -2.8654968747988607]
  start: [18.06148850690001, 31.204772736490874, 0.028577553857860316]
  type: unicycle_first_order_0_sphere
- goal: [63.82629312762609, 43.92953418532882, 0.08870378968601944]
  start: [2.9155072632554933, 36.028817480751684, -0.21233380514734268]
  type: unicycle_first_order_0_sphere
- goal: [11.123260701345492, 18.941111945357573, 2.3896974017403068]
  start: [34.783954385691146, 17.55328111208856, -3.0674886055886197]
  type: unicycle_first_order_0_sphere
