environment:
  max: [50.0, 50.0]
  min: [0.0, 0.0]
  obstacles:
  - center: [22, 22]
    size: [12, 12]
    type: box
  - center: [8, 38]
    size: [12, 12]
    type: box
  - center: [38, 12]
    size: [12, 12]
    type: box
  - center: [30, 40]
    size: [12, 12]
    type: box
  - center: [16, 6]
    size: [12, 12]
    type: box
robots:
- goal: [21.80592481425447, 48.282542089029434, 2.498682104261955]
  start: [39.975643555898166, 40.11989277606184, 0.0962933399642707]
  type: unicycle_first_order_0_sphere
- goal: [33.675447174905344, 3.4354132062405522, 0.34932070497252754]
  start: [41.90174394658918, 19.717069018837606, -0.0438376661931823]
  type: unicycle_first_order_0_sphere
- goal: [34.74693872462906, 22.47351534733447, 1.878292217355308]
  start: [44.416508555233584, 43.274797479994845, -3.0252455435944787]
  type: unicycle_first_order_0_sphere
- goal: [1.1637313658632316, 46.27129350106879, -2.6023333040559584]
  start: [12.013858053733015, 16.151426527027855, 1.8841986320324606]
  type: unicycle_first_order_0_sphere
