environment:
  max: [70.0, 70.0]
  min: [0.0, 0.0]
  obstacles:
  - center: [30.8, 30.8]
    size: [16.8, 16.8]
    type: box
  - center: [11.2, 53.2]
    size: [16.8, 16.8]
    type: box
  - center: [53.2, 16.8]
    size: [16.8, 16.8]
    type: box
  - center: [42.0, 56.0]
    size: [16.8, 16.8]
    type: box
  - center: [22.4, 8.4]
    size: [16.8, 16.8]
    type: box
robots:
- goal: [33.533892155141366, 16.97224451240235, 0.0, 0.0]
  start: [55.111860826656006, 60.78178686522625, 0.0, 0.0]
  type: double_integrator_0
- goal: [42.26777903527436, 45.23600448609509, 0.0, 0.0]
  start: [29.63199791365257, 17.987659209528353, 0.0, 0.0]
  type: double_integrator_0
