environment:
  max: [70.0, 70.0]
  min: [0.0, 0.0]
  obstacles:
  - center: [30.8, 30.8]
    size: [5.6, 5.6]
    type: box
  - center: [11.2, 53.2]
    size: [5.6, 5.6]
    type: box
  - center: [53.2, 16.8]
    size: [5.6, 5.6]
    type: box
  - center: [42.0, 56.0]
    size: [5.6, 5.6]
    type: box
  - center: [22.4, 7.0]
    size: [5.6, 5.6]
    type: box
robots:
- goal: [58.78157489384551, 55.50292759153096, 0.0, 0.0]
  start: [44.27956102827209, 8.279061044851563, 0.0, 0.0]
  type: unicycle_second_order_0
- goal: [19.122608032532145, 60.281940593434854, 0.0, 0.0]
  start: [51.54965922161273, 40.44014630851515, 0.0, 0.0]
  type: unicycle_second_order_0
- goal: [58.106448207847045, 23.975942604921837, 0.0, 0.0]
  start: [56.96267877492255, 61.476814168234945, 0.0, 0.0]
  type: unicycle_second_order_0
- goal: [19.573334257837644, 32.057094652414506, 0.0, 0.0]
  start: [38.41202356644547, 13.703801940181245, 0.0, 0.0]
  type: unicycle_second_order_0
- goal: [35.59836830613626, 22.837888808737706, 0.0, 0.0]
  start: [47.7470374260129, 36.637356810049404, 0.0, 0.0]
  type: unicycle_second_order_0
- goal: [44.271474241790386, 19.675748107949612, 0.0, 0.0]
  start: [21.08558419187521, 45.30180113991338, 0.0, 0.0]
  type: unicycle_second_order_0
