environment:
  max: [70.0, 70.0]
  min: [0.0, 0.0]
  obstacles:
  - center: [30.8, 30.8]
    size: [5.6, 5.6]
    type: box
  - center: [11.2, 53.2]
    size: [5.6, 5.6]
    type: box
  - center: [53.2, 16.8]
    size: [5.6, 5.6]
    type: box
  - center: [42.0, 56.0]
    size: [5.6, 5.6]
    type: box
  - center: [22.4, 7.0]
    size: [5.6, 5.6]
    type: box
robots:
- goal: [35.408639879634244, 5.281718220397019, 0.0, 0.0]
  start: [54.95130758084141, 43.444210763083575, 0.0, 0.0]
  type: unicycle_second_order_0
- goal: [45.04161606969142, 26.008962676701593, 0.0, 0.0]
  start: [36.853169387959895, 49.19048409027257, 0.0, 0.0]
  type: unicycle_second_order_0
- goal: [43.12085238117034, 4.724313697513762, 0.0, 0.0]
  start: [23.59219481162736, 44.297691545526725, 0.0, 0.0]
  type: unicycle_second_order_0
- goal: [8.119409241103558, 46.62079188747057, 0.0, 0.0]
  start: [5.3154414236633665, 26.90775818721876, 0.0, 0.0]
  type: unicycle_second_order_0
- goal: [48.444740026456635, 22.70010349159829, 0.0, 0.0]
  start: [35.02286255868629, 41.758377224605304, 0.0, 0.0]
  type: unicycle_second_order_0
- goal: [13.017577459619117, 20.078694320650207, 0.0, 0.0]
  start: [35.73770520435663, 26.657485753394685, 0.0, 0.0]
  type: unicycle_second_order_0
