environment:
  max: [70.0, 70.0]
  min: [0.0, 0.0]
  obstacles:
  - center: [30.8, 30.8]
    size: [5.6, 5.6]
    type: box
  - center: [11.2, 53.2]
    size: [5.6, 5.6]
    type: box
  - center: [53.2, 16.8]
    size: [5.6, 5.6]
    type: box
  - center: [42.0, 56.0]
    size: [5.6, 5.6]
    type: box
  - center: [22.4, 7.0]
    size: [5.6, 5.6]
    type: box
robots:
- goal: [58.9175634791662, 25.83872056214774, 0.0, 0.0]
  start: [35.49011170096827, 35.44274227506404, 0.0, 0.0]
  type: unicycle_second_order_0
- goal: [16.980728216080443, 51.740415918588184, 0.0, 0.0]
  start: [28.02604877234083, 65.26332159312629, 0.0, 0.0]
  type: unicycle_second_order_0
- goal: [44.77292795526597, 7.755199428924004, 0.0, 0.0]
  start: [47.772970501507984, 32.49154556732316, 0.0, 0.0]
  type: unicycle_second_order_0
- goal: [13.783425731650262, 27.4043134032301, 0.0, 0.0]
  start: [44.38785379040774, 26.437257135368604, 0.0, 0.0]
  type: unicycle_second_order_0
- goal: [56.415533313665556, 10.929319469286055, 0.0, 0.0]
  start: [26.712044707025065, 49.78750993206953, 0.0, 0.0]
  type: unicycle_second_order_0
- goal: [44.113908801644655, 65.16062984010459, 0.0, 0.0]
  start: [33.577660543442775, 66.79443553677643, 0.0, 0.0]
  type: unicycle_second_order_0
