environment:
  max: [70.0, 70.0]
  min: [0.0, 0.0]
  obstacles:
  - center: [30.8, 30.8]
    size: [5.6, 5.6]
    type: box
  - center: [11.2, 53.2]
    size: [5.6, 5.6]
    type: box
  - center: [53.2, 16.8]
    size: [5.6, 5.6]
    type: box
  - center: [42.0, 56.0]
    size: [5.6, 5.6]
    type: box
  - center: [22.4, 7.0]
    size: [5.6, 5.6]
    type: box
robots:
- goal: [30.692668019866726, 26.17628385167168, 0.0, 0.0]
  start: [55.008266854987816, 60.648987731367306, 0.0, 0.0]
  type: unicycle_second_order_0
- goal: [13.138976240245295, 13.77226688815445, 0.0, 0.0]
  start: [33.54144391456592, 17.06510348787558, 0.0, 0.0]
  type: unicycle_second_order_0
- goal: [42.23034350894689, 45.18327995862011, 0.0, 0.0]
  start: [29.659647898944378, 18.075287896155004, 0.0, 0.0]
  type: unicycle_second_order_0
- goal: [27.602059761213603, 43.0940304094074, 0.0, 0.0]
  start: [10.74494795408334, 26.081857059019555, 0.0, 0.0]
  type: unicycle_second_order_0
- goal: [32.23879403738894, 50.18488783436767, 0.0, 0.0]
  start: [42.44241399605603, 15.796707154971129, 0.0, 0.0]
  type: unicycle_second_order_0
- goal: [35.156295401204716, 52.142717878415105, 0.0, 0.0]
  start: [3.9238435974316577, 66.62613879041922, 0.0, 0.0]
  type: unicycle_second_order_0
