environment:
  max: [70.0, 70.0]
  min: [0.0, 0.0]
  obstacles:
  - center: [30.8, 30.8]
    size: [5.6, 5.6]
    type: box
  - center: [11.2, 53.2]
    size: [5.6, 5.6]
    type: box
  - center: [53.2, 16.8]
    size: [5.6, 5.6]
    type: box
  - center: [42.0, 56.0]
    size: [5.6, 5.6]
    type: box
  - center: [22.4, 7.0]
    size: [5.6, 5.6]
    type: box
robots:
- goal: [54.24448612724985, 49.98282721928754, 0.0, 0.0]
  start: [60.67344376033584, 20.217695718248454, 0.0, 0.0]
  type: unicycle_second_order_0
- goal: [54.735126957409726, 22.213764732286865, 0.0, 0.0]
  start: [59.9900499033256, 64.00100832818315, 0.0, 0.0]
  type: unicycle_second_order_0
- goal: [38.778867040188594, 64.34775339312836, 0.0, 0.0]
  start: [21.07501820943176, 51.6937364597173, 0.0, 0.0]
  type: unicycle_second_order_0
- goal: [9.102419223509395, 67.0897300150572, 0.0, 0.0]
  start: [25.99479367858647, 42.34591048150967, 0.0, 0.0]
  type: unicycle_second_order_0
- goal: [54.5608230026927, 5.7831001034544105, 0.0, 0.0]
  start: [16.007388772477388, 26.474967907825288, 0.0, 0.0]
  type: unicycle_second_order_0
- goal: [54.55711613022238, 37.778456003162816, 0.0, 0.0]
  start: [41.65346756138131, 41.565844063684224, 0.0, 0.0]
  type: unicycle_second_order_0
