environment:
  max: [70.0, 70.0]
  min: [0.0, 0.0]
  obstacles: []
robots:
- goal: [4.495765666746329, 44.85057338901443, 0.0, 0.0]
  start: [2.9096235034949385, 36.9926716492235, 0.0, 0.0]
  type: double_integrator_0
- goal: [35.6618629420492, 35.758955247317346, 0.0, 0.0]
  start: [41.47798896186859, 18.278792107284453, 0.0, 0.0]
  type: double_integrator_0
- goal: [55.01065682636962, 13.505653253703425, 0.0, 0.0]
  start: [10.460165894211471, 57.277982322613596, 0.0, 0.0]
  type: double_integrator_0
- goal: [60.181459683583476, 61.24463562023565, 0.0, 0.0]
  start: [13.485277646186857, 5.834217430236835, 0.0, 0.0]
  type: double_integrator_0
- goal: [15.150706251259258, 44.711397190641165, 0.0, 0.0]
  start: [50.32768403055589, 58.3891743900691, 0.0, 0.0]
  type: double_integrator_0
- goal: [62.511695595073284, 29.61336841409697, 0.0, 0.0]
  start: [67.31785983729446, 10.64158068035607, 0.0, 0.0]
  type: double_integrator_0
