environment:
  max: [70.0, 70.0]
  min: [0.0, 0.0]
  obstacles: []
robots:
- goal: [35.41075563650714, 5.127850078642592, 0.0, 0.0]
  start: [55.05460664253689, 43.48793115810284, 0.0, 0.0]
  type: double_integrator_0
- goal: [45.09360712409737, 25.962411055189943, 0.0, 0.0]
  start: [36.86276428083412, 49.26395615146907, 0.0, 0.0]
  type: double_integrator_0
- goal: [43.162898569258175, 4.567559561246676, 0.0, 0.0]
  start: [23.53313023316858, 44.34583088720622, 0.0, 0.0]
  type: double_integrator_0
- goal: [7.980233410548933, 46.680959217018774, 0.0, 0.0]
  start: [5.161747885765887, 26.865860132021815, 0.0, 0.0]
  type: double_integrator_0
- goal: [48.51435095415374, 22.6364200581631, 0.0, 0.0]
  start: [35.022980930920816, 41.793369117896354, 0.0, 0.0]
  type: double_integrator_0
- goal: [12.903762181446792, 20.00143838793989, 0.0, 0.0]
  start: [35.74152471619108, 26.614291898036395, 0.0, 0.0]
  type: double_integrator_0
