environment:
  max: [70.0, 70.0]
  min: [0.0, 0.0]
  obstacles: []
robots:
- goal: [30.67036655665907, 26.130598545327903, 0.0, 0.0]
  start: [55.111860826656006, 60.78178686522625, 0.0, 0.0]
  type: double_integrator_0
- goal: [13.025789511358717, 13.662359058630454, 0.0, 0.0]
  start: [33.533892155141366, 16.97224451240235, 0.0, 0.0]
  type: double_integrator_0
- goal: [42.26777903527436, 45.23600448609509, 0.0, 0.0]
  start: [29.63199791365257, 17.987659209528353, 0.0, 0.0]
  type: double_integrator_0
- goal: [27.563756493016793, 43.135937725167956, 0.0, 0.0]
  start: [10.619366003749198, 26.03568285243501, 0.0, 0.0]
  type: double_integrator_0
- goal: [23.10146955680924, 6.848757816911847, 0.0, 0.0]
  start: [42.48094752973179, 15.697280983312082, 0.0, 0.0]
  type: double_integrator_0
- goal: [3.7629449804121844, 66.7898849734132, 0.0, 0.0]
  start: [32.224497732050054, 50.26350847909912, 0.0, 0.0]
  type: double_integrator_0
