environment:
  max: [70.0, 70.0]
  min: [0.0, 0.0]
  obstacles:
  - center: [30.8, 30.8]
    size: [11.2, 11.2]
    type: box
  - center: [11.2, 53.2]
    size: [11.2, 11.2]
    type: box
  - center: [53.2, 16.8]
    size: [11.2, 11.2]
    type: box
  - center: [42.0, 56.0]
    size: [11.2, 11.2]
    type: box
  - center: [22.4, 7.0]
    size: [11.2, 11.2]
    type: box
robots:
- goal: [38.64519190378271, 38.296194078887495, -2.817764637487251]
  start: [15.86631330407989, 38.47078167875107, 1.3969236920993726]
  type: unicycle_first_order_0_sphere
- goal: [51.076216359139906, 33.47220113532429, -2.3579454046702435]
  start: [66.68016087141392, 46.03328827068604, -0.27782385555693345]
  type: unicycle_first_order_0_sphere
