environment:
  max: [70.0, 70.0]
  min: [0.0, 0.0]
  obstacles:
  - center: [30.8, 30.8]
    size: [11.2, 11.2]
    type: box
  - center: [11.2, 53.2]
    size: [11.2, 11.2]
    type: box
  - center: [53.2, 16.8]
    size: [11.2, 11.2]
    type: box
  - center: [42.0, 56.0]
    size: [11.2, 11.2]
    type: box
  - center: [22.4, 7.0]
    size: [11.2, 11.2]
    type: box
robots:
- goal: [59.884208157694275, 44.76503792246218, 0.3038750030238724]
  start: [57.8709473352376, 25.391414678247127, 1.2738486260209596]
  type: unicycle_first_order_0_sphere
- goal: [35.49631284525873, 16.25459537846642, 0.9436978703229295]
  start: [53.125857496905454, 49.94732384042679, -0.2062848030437321]
  type: unicycle_first_order_0_sphere
