environment:
  max: [70.0, 70.0]
  min: [0.0, 0.0]
  obstacles:
  - center: [30.8, 30.8]
    size: [11.2, 11.2]
    type: box
  - center: [11.2, 53.2]
    size: [11.2, 11.2]
    type: box
  - center: [53.2, 16.8]
    size: [11.2, 11.2]
    type: box
  - center: [42.0, 56.0]
    size: [11.2, 11.2]
    type: box
  - center: [22.4, 7.0]
    size: [11.2, 11.2]
    type: box
robots:
- goal: [31.4543726041815, 44.68621747355255, -1.4420610449590876]
  start: [19.803249017744008, 32.3152376473833, -2.3768052695990773]
  type: unicycle_first_order_0_sphere
- goal: [43.13234167771143, 38.52742115003541, -2.299257066181539]
  start: [56.2465313692938, 56.649398703067085, -3.1103550912317877]
  type: unicycle_first_order_0_sphere
