environment:
  max: [70.0, 70.0]
  min: [0.0, 0.0]
  obstacles:
  - center: [30.8, 30.8]
    size: [11.2, 11.2]
    type: box
  - center: [11.2, 53.2]
    size: [11.2, 11.2]
    type: box
  - center: [53.2, 16.8]
    size: [11.2, 11.2]
    type: box
  - center: [42.0, 56.0]
    size: [11.2, 11.2]
    type: box
  - center: [22.4, 7.0]
    size: [11.2, 11.2]
    type: box
robots:
- goal: [37.88344328977188, 41.69310622036876, 1.8215007449981497]
  start: [24.899080454328267, 54.742370189424975, -2.2197283050920746]
  type: unicycle_first_order_0_sphere
- goal: [35.427129747711575, 43.735075433863706, 0.6613601185168791]
  start: [19.703490213554204, 29.032075634082844, -0.7786697740881401]
  type: unicycle_first_order_0_sphere
