environment:
  max: [70.0, 70.0]
  min: [0.0, 0.0]
  obstacles:
  - center: [30.8, 30.8]
    size: [11.2, 11.2]
    type: box
  - center: [11.2, 53.2]
    size: [11.2, 11.2]
    type: box
  - center: [53.2, 16.8]
    size: [11.2, 11.2]
    type: box
  - center: [42.0, 56.0]
    size: [11.2, 11.2]
    type: box
  - center: [22.4, 7.0]
    size: [11.2, 11.2]
    type: box
robots:
- goal: [62.305591672737954, 2.475847089380934, -0.9744388356779794]
  start: [54.99908809437061, 31.60303669929616, 0.9240511745083291]
  type: unicycle_first_order_0_sphere
- goal: [61.96028634915941, 67.48177815462266, -3.054774698756642]
  start: [53.68306714958497, 41.99339702737083, -2.442220255306985]
  type: unicycle_first_order_0_sphere
