environment:
  max: [70.0, 70.0]
  min: [0.0, 0.0]
  obstacles:
  - center: [30.8, 30.8]
    size: [11.2, 11.2]
    type: box
  - center: [11.2, 53.2]
    size: [11.2, 11.2]
    type: box
  - center: [53.2, 16.8]
    size: [11.2, 11.2]
    type: box
  - center: [42.0, 56.0]
    size: [11.2, 11.2]
    type: box
  - center: [22.4, 7.0]
    size: [11.2, 11.2]
    type: box
robots:
- goal: [61.30792926699609, 62.620789956550325, 0.13190224067653]
  start: [45.438335682242446, 33.90078366322455, 1.81290941118265]
  type: unicycle_first_order_0_sphere
- goal: [27.23687197468054, 64.3833069655066, -2.566754656456477]
  start: [67.0738446446935, 63.42436740510047, 1.1169354237442564]
  type: unicycle_first_order_0_sphere
