environment:
  max: [70.0, 70.0]
  min: [0.0, 0.0]
  obstacles:
  - center: [30.8, 30.8]
    size: [11.2, 11.2]
    type: box
  - center: [11.2, 53.2]
    size: [11.2, 11.2]
    type: box
  - center: [53.2, 16.8]
    size: [11.2, 11.2]
    type: box
  - center: [42.0, 56.0]
    size: [11.2, 11.2]
    type: box
  - center: [22.4, 7.0]
    size: [11.2, 11.2]
    type: box
robots:
- goal: [19.775135457527703, 42.542442280963925, -2.477662028721428]
  start: [20.021290677589295, 56.511504903346676, 0.437665778981021]
  type: unicycle_first_order_0_sphere
- goal: [18.711876580024352, 18.925133519676315, 1.0761430456919134]
  start: [63.10724468456854, 61.830098167845655, 2.8653215414058897]
  type: unicycle_first_order_0_sphere
