environment:
  max: [70.0, 70.0]
  min: [0.0, 0.0]
  obstacles:
  - center: [30.8, 30.8]
    size: [11.2, 11.2]
    type: box
  - center: [11.2, 53.2]
    size: [11.2, 11.2]
    type: box
  - center: [53.2, 16.8]
    size: [11.2, 11.2]
    type: box
  - center: [42.0, 56.0]
    size: [11.2, 11.2]
    type: box
  - center: [22.4, 7.0]
    size: [11.2, 11.2]
    type: box
robots:
- goal: [6.03576925118611, 42.41828799085655, -0.7760576782802868]
  start: [65.6151768950506, 35.78273389947238, 2.9923274543394056]
  type: unicycle_first_order_0_sphere
- goal: [30.197292791102445, 54.96621818231316, 3.0420230155941415]
  start: [38.03635079275772, 62.79306200837479, -0.1435486433343276]
  type: unicycle_first_order_0_sphere
