environment:
  max: [70.0, 70.0]
  min: [0.0, 0.0]
  obstacles:
  - center: [30.8, 30.8]
    size: [11.2, 11.2]
    type: box
  - center: [11.2, 53.2]
    size: [11.2, 11.2]
    type: box
  - center: [53.2, 16.8]
    size: [11.2, 11.2]
    type: box
  - center: [42.0, 56.0]
    size: [11.2, 11.2]
    type: box
  - center: [22.4, 7.0]
    size: [11.2, 11.2]
    type: box
robots:
- goal: [57.59487673781447, 59.120880274095605, -0.9438422735553482]
  start: [66.38184121467451, 53.51410746291991, -2.3500951082357218]
  type: unicycle_first_order_0_sphere
- goal: [23.793665567494724, 30.113886801128587, 0.5917588190517282]
  start: [35.78837811883826, 42.08274367711802, -1.01262382199035]
  type: unicycle_first_order_0_sphere
