environment:
  max: [70.0, 70.0]
  min: [0.0, 0.0]
  obstacles:
  - center: [30.8, 30.8]
    size: [11.2, 11.2]
    type: box
  - center: [11.2, 53.2]
    size: [11.2, 11.2]
    type: box
  - center: [53.2, 16.8]
    size: [11.2, 11.2]
    type: box
  - center: [42.0, 56.0]
    size: [11.2, 11.2]
    type: box
  - center: [22.4, 7.0]
    size: [11.2, 11.2]
    type: box
robots:
- goal: [58.43958945151218, 41.02158458833484, -1.7297280527279735]
  start: [45.52387905263293, 3.474874863454666, -3.015743047632837]
  type: unicycle_first_order_0_sphere
- goal: [19.703542063358995, 19.696719976554856, -0.49009112527343923]
  start: [31.61626884177662, 66.46223742418752, 2.4623908096700484]
  type: unicycle_first_order_0_sphere
