environment:
  max: [70.0, 70.0]
  min: [0.0, 0.0]
  obstacles:
  - center: [30.8, 30.8]
    size: [11.2, 11.2]
    type: box
  - center: [11.2, 53.2]
    size: [11.2, 11.2]
    type: box
  - center: [53.2, 16.8]
    size: [11.2, 11.2]
    type: box
  - center: [42.0, 56.0]
    size: [11.2, 11.2]
    type: box
  - center: [22.4, 7.0]
    size: [11.2, 11.2]
    type: box
robots:
- goal: [7.6173995486693356, 67.2594628229582, -1.1262589501679572]
  start: [51.70851782980093, 52.5285152629649, -0.2187771306004107]
  type: unicycle_first_order_0_sphere
- goal: [62.79027042511475, 13.829071028352663, 0.6923866908818974]
  start: [30.417945337380914, 21.893787367044478, 1.3472831203667912]
  type: unicycle_first_order_0_sphere
