environment:
  max: [70.0, 70.0]
  min: [0.0, 0.0]
  obstacles:
  - center: [30.8, 30.8]
    size: [11.2, 11.2]
    type: box
  - center: [11.2, 53.2]
    size: [11.2, 11.2]
    type: box
  - center: [53.2, 16.8]
    size: [11.2, 11.2]
    type: box
  - center: [42.0, 56.0]
    size: [11.2, 11.2]
    type: box
  - center: [22.4, 7.0]
    size: [11.2, 11.2]
    type: box
robots:
- goal: [32.78430524150111, 21.389540693214563, -1.3921929384957314]
  start: [16.011816828349897, 21.191490287365674, 2.3471055195601043]
  type: unicycle_first_order_0_sphere
- goal: [11.520651539577056, 42.776486655266424, -2.8654968747988607]
  start: [18.06148850690001, 31.204772736490874, 0.028577553857860316]
  type: unicycle_first_order_0_sphere
