environment:
  max: [70.0, 70.0]
  min: [0.0, 0.0]
  obstacles:
  - center: [30.8, 30.8]
    size: [11.2, 11.2]
    type: box
  - center: [11.2, 53.2]
    size: [11.2, 11.2]
    type: box
  - center: [53.2, 16.8]
    size: [11.2, 11.2]
    type: box
  - center: [42.0, 56.0]
    size: [11.2, 11.2]
    type: box
  - center: [22.4, 7.0]
    size: [11.2, 11.2]
    type: box
robots:
- goal: [54.177605129784354, 49.93075690560636, 2.6099102699604435]
  start: [60.58421999433285, 20.269069147950074, 0.6480989408667286]
  type: unicycle_first_order_0_sphere
- goal: [21.123412157998846, 51.63572016671423, -1.3838890327430173]
  start: [59.90320115853733, 63.90022016726948, -2.974536991031794]
  type: unicycle_first_order_0_sphere
