environment:
  max: [70.0, 70.0]
  min: [0.0, 0.0]
  obstacles:
  - center: [30.8, 30.8]
    size: [5.6, 5.6]
    type: box
  - center: [11.2, 53.2]
    size: [5.6, 5.6]
    type: box
  - center: [53.2, 16.8]
    size: [5.6, 5.6]
    type: box
  - center: [42.0, 56.0]
    size: [5.6, 5.6]
    type: box
  - center: [22.4, 7.0]
    size: [5.6, 5.6]
    type: box
robots:
- goal: [10.7653947049676, 35.88479899576663, -2.2875845946504785]
  start: [66.50971813536219, 14.800813076469048, 2.063680077375216]
  type: unicycle_first_order_0_sphere
- goal: [66.5735868386276, 57.48050383118956, -1.0165231716052343]
  start: [48.06242075287616, 58.614767749978476, -0.46804077302212743]
  type: unicycle_first_order_0_sphere
