environment:
  max: [70.0, 70.0]
  min: [0.0, 0.0]
  obstacles:
  - center: [30.8, 30.8]
    size: [5.6, 5.6]
    type: box
  - center: [11.2, 53.2]
    size: [5.6, 5.6]
    type: box
  - center: [53.2, 16.8]
    size: [5.6, 5.6]
    type: box
  - center: [42.0, 56.0]
    size: [5.6, 5.6]
    type: box
  - center: [22.4, 7.0]
    size: [5.6, 5.6]
    type: box
robots:
- goal: [18.51594357387853, 5.784482528342918, 2.805227231857172]
  start: [60.20751326284613, 59.55140378180528, 1.954217649430836]
  type: unicycle_first_order_0_sphere
- goal: [28.693473288863355, 36.22650476662012, -2.4062093773852453]
  start: [6.144388922198399, 30.735151268666417, 1.9961916895120675]
  type: unicycle_first_order_0_sphere
