environment:
  max: [70.0, 70.0]
  min: [0.0, 0.0]
  obstacles:
  - center: [30.8, 30.8]
    size: [5.6, 5.6]
    type: box
  - center: [11.2, 53.2]
    size: [5.6, 5.6]
    type: box
  - center: [53.2, 16.8]
    size: [5.6, 5.6]
    type: box
  - center: [42.0, 56.0]
    size: [5.6, 5.6]
    type: box
  - center: [22.4, 7.0]
    size: [5.6, 5.6]
    type: box
robots:
- goal: [45.585545613223566, 32.19018979180672, 3.0641562832177947]
  start: [25.764571856356454, 14.221310714818227, -2.5851639838868]
  type: unicycle_first_order_0_sphere
- goal: [38.824350235482456, 42.42579877096931, -2.826545605103642]
  start: [59.293353626713134, 58.284027435679775, -2.8183933455698167]
  type: unicycle_first_order_0_sphere
