environment:
  max: [70.0, 70.0]
  min: [0.0, 0.0]
  obstacles:
  - center: [30.8, 30.8]
    size: [5.6, 5.6]
    type: box
  - center: [11.2, 53.2]
    size: [5.6, 5.6]
    type: box
  - center: [53.2, 16.8]
    size: [5.6, 5.6]
    type: box
  - center: [42.0, 56.0]
    size: [5.6, 5.6]
    type: box
  - center: [22.4, 7.0]
    size: [5.6, 5.6]
    type: box
robots:
- goal: [35.442223918367226, 39.43708426343033, 0.43785828548325245]
  start: [23.271576613849692, 28.447752510664834, 0.46959156828725535]
  type: unicycle_first_order_0_sphere
- goal: [57.13737797244113, 49.660260838877136, -0.56595410147892]
  start: [60.85145230873521, 6.422344854476239, 1.523517058132203]
  type: unicycle_first_order_0_sphere
