environment:
  max: [70.0, 70.0]
  min: [0.0, 0.0]
  obstacles:
  - center: [30.8, 30.8]
    size: [5.6, 5.6]
    type: box
  - center: [11.2, 53.2]
    size: [5.6, 5.6]
    type: box
  - center: [53.2, 16.8]
    size: [5.6, 5.6]
    type: box
  - center: [42.0, 56.0]
    size: [5.6, 5.6]
    type: box
  - center: [22.4, 7.0]
    size: [5.6, 5.6]
    type: box
robots:
- goal: [18.229720213391477, 38.48224340757407, 2.187978203933449]
  start: [66.95308574691708, 36.36713273663766, -1.8701198647553139]
  type: unicycle_first_order_0_sphere
- goal: [63.83373508299755, 50.82190204107389, 2.7142526196203214]
  start: [23.74711174458158, 62.944711939858095, -1.6314751891260852]
  type: unicycle_first_order_0_sphere
