environment:
  max: [70.0, 70.0]
  min: [0.0, 0.0]
  obstacles:
  - center: [30.8, 30.8]
    size: [5.6, 5.6]
    type: box
  - center: [11.2, 53.2]
    size: [5.6, 5.6]
    type: box
  - center: [53.2, 16.8]
    size: [5.6, 5.6]
    type: box
  - center: [42.0, 56.0]
    size: [5.6, 5.6]
    type: box
  - center: [22.4, 7.0]
    size: [5.6, 5.6]
    type: box
robots:
- goal: [22.810174143536216, 64.79673989745629, 1.8200334066818034]
  start: [48.663572558545866, 22.134566210570025, -2.3800888227496246]
  type: unicycle_first_order_0_sphere
- goal: [59.90280474300577, 63.12854714908754, -1.2456542078611699]
  start: [65.64002567363656, 28.327500517863164, -1.9992084270245554]
  type: unicycle_first_order_0_sphere
