environment:
  max: [70.0, 70.0]
  min: [0.0, 0.0]
  obstacles:
  - center: [30.8, 30.8]
    size: [5.6, 5.6]
    type: box
  - center: [11.2, 53.2]
    size: [5.6, 5.6]
    type: box
  - center: [53.2, 16.8]
    size: [5.6, 5.6]
    type: box
  - center: [42.0, 56.0]
    size: [5.6, 5.6]
    type: box
  - center: [22.4, 7.0]
    size: [5.6, 5.6]
    type: box
robots:
- goal: [27.663512099824782, 26.723796389671648, -2.9942396849392345]
  start: [3.9082456514661614, 35.43687083128715, 0.12085097236726039]
  type: unicycle_first_order_0_sphere
- goal: [13.336603899326281, 58.62489345764869, -0.494780948240479]
  start: [16.91043114038685, 54.908151811474866, 0.7388735753043427]
  type: unicycle_first_order_0_sphere
