environment:
  max: [70.0, 70.0]
  min: [0.0, 0.0]
  obstacles:
  - center: [30.8, 30.8]
    size: [5.6, 5.6]
    type: box
  - center: [11.2, 53.2]
    size: [5.6, 5.6]
    type: box
  - center: [53.2, 16.8]
    size: [5.6, 5.6]
    type: box
  - center: [42.0, 56.0]
    size: [5.6, 5.6]
    type: box
  - center: [22.4, 7.0]
    size: [5.6, 5.6]
    type: box
robots:
- goal: [40.677396692047814, 6.9542891788115835, -0.4201758265523301]
  start: [6.368357449624443, 16.813606005790486, 1.8929632932132208]
  type: unicycle_first_order_0_sphere
- goal: [8.304736576568974, 27.483867963250244, 0.10518166948605545]
  start: [33.552444701531634, 11.487959001422126, 1.473891711134418]
  type: unicycle_first_order_0_sphere
