environment:
  max: [70.0, 70.0]
  min: [0.0, 0.0]
  obstacles:
  - center: [30.8, 30.8]
    size: [5.6, 5.6]
    type: box
  - center: [11.2, 53.2]
    size: [5.6, 5.6]
    type: box
  - center: [53.2, 16.8]
    size: [5.6, 5.6]
    type: box
  - center: [42.0, 56.0]
    size: [5.6, 5.6]
    type: box
  - center: [22.4, 7.0]
    size: [5.6, 5.6]
    type: box
robots:
- goal: [22.764820929234133, 47.89501967229293, 2.967121373515087]
  start: [11.52277957889647, 39.991058137120994, -0.7719800821240508]
  type: unicycle_first_order_0_sphere
- goal: [32.216088120561494, 22.360059413832467, 0.2673886684917308]
  start: [67.25797000563358, 46.83672098203929, 2.074089308243245]
  type: unicycle_first_order_0_sphere
