environment:
  max: [70.0, 70.0]
  min: [0.0, 0.0]
  obstacles:
  - center: [30.8, 30.8]
    size: [5.6, 5.6]
    type: box
  - center: [11.2, 53.2]
    size: [5.6, 5.6]
    type: box
  - center: [53.2, 16.8]
    size: [5.6, 5.6]
    type: box
  - center: [42.0, 56.0]
    size: [5.6, 5.6]
    type: box
  - center: [22.4, 7.0]
    size: [5.6, 5.6]
    type: box
robots:
- goal: [33.307468230115326, 55.29190202519066, -1.3629875687905049]
  start: [29.823237209587248, 11.87175818871593, -2.605603497245327]
  type: unicycle_first_order_0_sphere
- goal: [62.530244340378815, 64.57349053087744, -1.0102905663204367]
  start: [42.91026657225102, 3.0546933817659743, 2.3935969313457743]
  type: unicycle_first_order_0_sphere
