environment:
  max: [70.0, 70.0]
  min: [0.0, 0.0]
  obstacles:
  - center: [30.8, 30.8]
    size: [5.6, 5.6]
    type: box
  - center: [11.2, 53.2]
    size: [5.6, 5.6]
    type: box
  - center: [53.2, 16.8]
    size: [5.6, 5.6]
    type: box
  - center: [42.0, 56.0]
    size: [5.6, 5.6]
    type: box
  - center: [22.4, 7.0]
    size: [5.6, 5.6]
    type: box
robots:
- goal: [49.01359381528157, 22.490288995293007, -0.31355812656618687]
  start: [49.106974484497655, 46.17130860745096, -2.708095365401979]
  type: unicycle_first_order_0_sphere
- goal: [17.357039551243965, 9.38270411596376, 1.306988788956871]
  start: [7.9349951146336695, 59.08896446282056, 1.252479704997822]
  type: unicycle_first_order_0_sphere
