environment:
  max: [70.0, 70.0]
  min: [0.0, 0.0]
  obstacles:
  - center: [30.8, 30.8]
    size: [5.6, 5.6]
    type: box
  - center: [11.2, 53.2]
    size: [5.6, 5.6]
    type: box
  - center: [53.2, 16.8]
    size: [5.6, 5.6]
    type: box
  - center: [42.0, 56.0]
    size: [5.6, 5.6]
    type: box
  - center: [22.4, 7.0]
    size: [5.6, 5.6]
    type: box
robots:
- goal: [33.748251336583216, 39.48041974956012, 2.99133886317066]
  start: [15.098260034040448, 16.380476208725288, -1.7326098107057306]
  type: unicycle_first_order_0_sphere
- goal: [54.1240172947971, 56.04514776498194, 1.7091628855173848]
  start: [55.31164903022538, 8.625461711228642, 2.219606899875905]
  type: unicycle_first_order_0_sphere
