environment:
  max: [70.0, 70.0]
  min: [0.0, 0.0]
  obstacles:
  - center: [30.8, 30.8]
    size: [5.6, 5.6]
    type: box
  - center: [11.2, 53.2]
    size: [5.6, 5.6]
    type: box
  - center: [53.2, 16.8]
    size: [5.6, 5.6]
    type: box
  - center: [42.0, 56.0]
    size: [5.6, 5.6]
    type: box
  - center: [22.4, 7.0]
    size: [5.6, 5.6]
    type: box
robots:
- goal: [48.638130808002046, 6.957654739036582, 2.988423371570267]
  start: [53.93036295521706, 30.776500186866812, 2.2531371815723604]
  type: unicycle_first_order_0_sphere
- goal: [31.571668308583686, 26.07214347447136, 2.6814435075521947]
  start: [53.04475340753339, 54.767043494637505, -2.3366309591134007]
  type: unicycle_first_order_0_sphere
