environment:
  max: [70.0, 70.0]
  min: [0.0, 0.0]
  obstacles:
  - center: [30.8, 30.8]
    size: [5.6, 5.6]
    type: box
  - center: [11.2, 53.2]
    size: [5.6, 5.6]
    type: box
  - center: [53.2, 16.8]
    size: [5.6, 5.6]
    type: box
  - center: [42.0, 56.0]
    size: [5.6, 5.6]
    type: box
  - center: [22.4, 7.0]
    size: [5.6, 5.6]
    type: box
robots:
- goal: [67.42061081677956, 11.666113322682666, 2.2449423600401266]
  start: [8.919276718464525, 18.285613466798612, -0.5920599784604952]
  type: unicycle_first_order_0_sphere
- goal: [43.0525112550661, 66.4360889371333, -0.5566853118817012]
  start: [11.716428231010623, 23.803170673544887, 1.1166653949159482]
  type: unicycle_first_order_0_sphere
