environment:
  max: [70.0, 70.0]
  min: [0.0, 0.0]
  obstacles:
  - center: [30.8, 30.8]
    size: [5.6, 5.6]
    type: box
  - center: [11.2, 53.2]
    size: [5.6, 5.6]
    type: box
  - center: [53.2, 16.8]
    size: [5.6, 5.6]
    type: box
  - center: [42.0, 56.0]
    size: [5.6, 5.6]
    type: box
  - center: [22.4, 7.0]
    size: [5.6, 5.6]
    type: box
robots:
- goal: [3.4278995174487084, 18.375454637619082, -2.0544852166693577]
  start: [45.593729148266156, 62.64012673458232, 0.7662472444566761]
  type: unicycle_first_order_0_sphere
- goal: [32.48891780550401, 9.567043770127837, -0.30627518106200924]
  start: [38.1234040628521, 31.41984421299424, -1.9301972130629328]
  type: unicycle_first_order_0_sphere
