environment:
  max: [70.0, 70.0]
  min: [0.0, 0.0]
  obstacles:
  - center: [30.8, 30.8]
    size: [5.6, 5.6]
    type: box
  - center: [11.2, 53.2]
    size: [5.6, 5.6]
    type: box
  - center: [53.2, 16.8]
    size: [5.6, 5.6]
    type: box
  - center: [42.0, 56.0]
    size: [5.6, 5.6]
    type: box
  - center: [22.4, 7.0]
    size: [5.6, 5.6]
    type: box
robots:
- goal: [16.07339442079514, 26.50459523307471, 0.7754810434604775]
  start: [9.192421940278349, 66.97820751777594, -2.3073456321022667]
  type: unicycle_first_order_0_sphere
- goal: [53.15890815250114, 22.62862053474958, -1.9519844909396924]
  start: [54.49284262924882, 5.88463855945733, 2.709544829493864]
  type: unicycle_first_order_0_sphere
