environment:
  max: [70.0, 70.0]
  min: [0.0, 0.0]
  obstacles:
  - center: [30.8, 30.8]
    size: [16.8, 16.8]
    type: box
  - center: [11.2, 53.2]
    size: [16.8, 16.8]
    type: box
  - center: [53.2, 16.8]
    size: [16.8, 16.8]
    type: box
  - center: [42.0, 56.0]
    size: [16.8, 16.8]
    type: box
  - center: [22.4, 8.4]
    size: [16.8, 16.8]
    type: box
robots:
- goal: [10.680877656861469, 35.88788469072139, 0.0, 0.0]
  start: [66.61960679791875, 14.730369360463046, 0.0, 0.0]
  type: unicycle_second_order_0
- goal: [9.992271131186307, 63.18910356892435, 0.0, 0.0]
  start: [66.68369824028804, 57.5589035327989, 0.0, 0.0]
  type: unicycle_second_order_0
