environment:
  max: [70.0, 70.0]
  min: [0.0, 0.0]
  obstacles:
  - center: [30.8, 30.8]
    size: [16.8, 16.8]
    type: box
  - center: [11.2, 53.2]
    size: [16.8, 16.8]
    type: box
  - center: [53.2, 16.8]
    size: [16.8, 16.8]
    type: box
  - center: [42.0, 56.0]
    size: [16.8, 16.8]
    type: box
  - center: [22.4, 8.4]
    size: [16.8, 16.8]
    type: box
robots:
- goal: [6.703050278723244, 41.941068869838546, 0.0, 0.0]
  start: [18.46995105223462, 21.027177799995787, 0.0, 0.0]
  type: unicycle_second_order_0
- goal: [30.328552810092344, 46.73924110335404, 0.0, 0.0]
  start: [45.916560009012784, 39.31756226469164, 0.0, 0.0]
  type: unicycle_second_order_0
