environment:
  max: [70.0, 70.0]
  min: [0.0, 0.0]
  obstacles:
  - center: [30.8, 30.8]
    size: [11.2, 11.2]
    type: box
  - center: [11.2, 53.2]
    size: [11.2, 11.2]
    type: box
  - center: [53.2, 16.8]
    size: [11.2, 11.2]
    type: box
  - center: [42.0, 56.0]
    size: [11.2, 11.2]
    type: box
  - center: [22.4, 7.0]
    size: [11.2, 11.2]
    type: box
robots:
- goal: [5.934757856374725, 42.44415892192209, 0.0, 0.0]
  start: [65.72194588703196, 35.78546364719597, 0.0, 0.0]
  type: unicycle_second_order_0
- goal: [30.180543575207547, 55.03584943077249, 0.0, 0.0]
  start: [38.046939923585086, 62.889989007192476, 0.0, 0.0]
  type: unicycle_second_order_0
