environment:
  max: [70.0, 70.0]
  min: [0.0, 0.0]
  obstacles:
  - center: [30.8, 30.8]
    size: [11.2, 11.2]
    type: box
  - center: [11.2, 53.2]
    size: [11.2, 11.2]
    type: box
  - center: [53.2, 16.8]
    size: [11.2, 11.2]
    type: box
  - center: [42.0, 56.0]
    size: [11.2, 11.2]
    type: box
  - center: [22.4, 7.0]
    size: [11.2, 11.2]
    type: box
robots:
- goal: [32.77657811006188, 21.342074855418808, 0.0, 0.0]
  start: [15.945596431069676, 21.143333758078363, 0.0, 0.0]
  type: unicycle_second_order_0
- goal: [11.438768414220897, 42.803606787355996, 0.0, 0.0]
  start: [18.002416243362788, 31.191537059602442, 0.0, 0.0]
  type: unicycle_second_order_0
