environment:
  max: [70.0, 70.0]
  min: [0.0, 0.0]
  obstacles:
  - center: [30.8, 30.8]
    size: [5.6, 5.6]
    type: box
  - center: [11.2, 53.2]
    size: [5.6, 5.6]
    type: box
  - center: [53.2, 16.8]
    size: [5.6, 5.6]
    type: box
  - center: [42.0, 56.0]
    size: [5.6, 5.6]
    type: box
  - center: [22.4, 7.0]
    size: [5.6, 5.6]
    type: box
robots:
- goal: [4.758355919256404, 44.76577648753081, 2.2156574695706945]
  start: [3.1858677774964175, 36.975518091267496, -0.2555001831838615]
  type: unicycle_first_order_0_sphere
- goal: [35.6561654131363, 35.75242191663743, 1.589835683306923]
  start: [41.42222435100602, 18.42273363864212, 2.135538579126397]
  type: unicycle_first_order_0_sphere
- goal: [13.670483290552538, 6.085285859818728, 2.23195690555438]
  start: [10.671412672740496, 57.08620629114204, 1.1516255947980714]
  type: unicycle_first_order_0_sphere
- goal: [50.195738400450686, 58.18783286016894, -1.370502030273198]
  start: [59.96468958587688, 61.01871336238571, -0.17649643859940056]
  type: unicycle_first_order_0_sphere
- goal: [67.03965731358748, 10.851265782103363, -0.11176286111574285]
  start: [15.321575350961474, 44.62779836260122, 1.916716045500845]
  type: unicycle_first_order_0_sphere
- goal: [2.142305814791397, 46.986078202268075, 2.6332114572894074]
  start: [62.27486607775558, 29.659738269929715, 0.5623580414487663]
  type: unicycle_first_order_0_sphere
