environment:
  max: [70.0, 70.0]
  min: [0.0, 0.0]
  obstacles:
  - center: [30.8, 30.8]
    size: [5.6, 5.6]
    type: box
  - center: [11.2, 53.2]
    size: [5.6, 5.6]
    type: box
  - center: [53.2, 16.8]
    size: [5.6, 5.6]
    type: box
  - center: [42.0, 56.0]
    size: [5.6, 5.6]
    type: box
  - center: [22.4, 7.0]
    size: [5.6, 5.6]
    type: box
robots:
- goal: [58.69892600212225, 55.43167309093181, -0.2711740683432238]
  start: [44.247311463721026, 8.371925205459336, -1.6770420106552977]
  type: unicycle_first_order_0_sphere
- goal: [19.17778725659214, 60.1940774313025, -2.7102163822358363]
  start: [51.49214364498799, 40.42123998859235, -0.30953756311540204]
  type: unicycle_first_order_0_sphere
- goal: [58.026145606166374, 24.014254875243033, 0.12435370564558079]
  start: [56.88635115288222, 61.3847984225522, -0.48056067690326376]
  type: unicycle_first_order_0_sphere
- goal: [19.6269470581785, 32.067322228448056, 1.098587441162028]
  start: [38.400165648390875, 13.777813319806844, -1.0479292091274748]
  type: unicycle_first_order_0_sphere
- goal: [35.59628877702327, 22.880156194958328, -2.0571104424664997]
  start: [47.7027372263534, 36.63166644991514, -0.22385374777838596]
  type: unicycle_first_order_0_sphere
- goal: [44.23925278151515, 19.729004986058797, -1.9731719929175606]
  start: [21.133941420134963, 45.265998950581185, -2.7349706122901516]
  type: unicycle_first_order_0_sphere
