environment:
  max: [70.0, 70.0]
  min: [0.0, 0.0]
  obstacles:
  - center: [30.8, 30.8]
    size: [5.6, 5.6]
    type: box
  - center: [11.2, 53.2]
    size: [5.6, 5.6]
    type: box
  - center: [53.2, 16.8]
    size: [5.6, 5.6]
    type: box
  - center: [42.0, 56.0]
    size: [5.6, 5.6]
    type: box
  - center: [22.4, 7.0]
    size: [5.6, 5.6]
    type: box
robots:
- goal: [58.83444198182645, 25.870559058785805, 2.8338609686497813]
  start: [35.48840839960634, 35.44120359823055, -1.6575411764108148]
  type: unicycle_first_order_0_sphere
- goal: [17.043351185721807, 51.68223739892186, 1.0957228942997448]
  start: [28.050285575095522, 65.15814647328241, 0.3528622764890854]
  type: unicycle_first_order_0_sphere
- goal: [44.73896377635859, 7.849884183086495, 1.2077681717610345]
  start: [47.72858017577574, 32.500263281760674, -1.747425718816443]
  type: unicycle_first_order_0_sphere
- goal: [13.857160392086778, 27.430710943422557, 1.8719738156357186]
  start: [44.35522787244811, 26.46701551810953, 1.8756775002190125]
  type: unicycle_first_order_0_sphere
- goal: [56.34110720429569, 11.012973099365993, 1.3376289697998667]
  start: [26.74084811145366, 49.736118410999644, 0.7069702139275975]
  type: unicycle_first_order_0_sphere
- goal: [44.08223493374124, 65.05581160829753, 2.6620384923458245]
  start: [33.58260364667557, 66.68393928613656, -1.1480771892694617]
  type: unicycle_first_order_0_sphere
