environment:
  max: [50.0, 50.0]
  min: [0.0, 0.0]
  obstacles:
  - center: [22, 22]
    size: [12, 12]
    type: box
  - center: [8, 38]
    size: [12, 12]
    type: box
  - center: [38, 12]
    size: [12, 12]
    type: box
  - center: [30, 40]
    size: [12, 12]
    type: box
  - center: [16, 6]
    size: [12, 12]
    type: box
robots:
- goal: [8.032270959629896, 12.713978002357502, 2.32411409203002]
  start: [30.19797129474609, 16.837834824919508, 1.1224833488520174]
  type: unicycle_first_order_0_sphere
- goal: [38.1215339366015, 48.91780174980361, 1.9352278561937117]
  start: [29.92805998340362, 13.313368048153205, -2.202791145585629]
  type: unicycle_first_order_0_sphere
