environment:
  max: [50.0, 50.0]
  min: [0.0, 0.0]
  obstacles:
  - center: [22, 22]
    size: [12, 12]
    type: box
  - center: [8, 38]
    size: [12, 12]
    type: box
  - center: [38, 12]
    size: [12, 12]
    type: box
  - center: [30, 40]
    size: [12, 12]
    type: box
  - center: [16, 6]
    size: [12, 12]
    type: box
robots:
- goal: [4.963072758833258, 29.914935824913606, 1.4360881438650939]
  start: [13.295155791641433, 15.105915141633451, 1.9743385564396059]
  type: unicycle_first_order_0_sphere
- goal: [21.692171828515047, 33.31249736000894, -0.48515820639820406]
  start: [32.72996103039159, 28.05724404251901, -2.1987236456275907]
  type: unicycle_first_order_0_sphere
