environment:
  max: [50.0, 50.0]
  min: [0.0, 0.0]
  obstacles:
  - center: [22, 22]
    size: [12, 12]
    type: box
  - center: [8, 38]
    size: [12, 12]
    type: box
  - center: [38, 12]
    size: [12, 12]
    type: box
  - center: [30, 40]
    size: [12, 12]
    type: box
  - center: [16, 6]
    size: [12, 12]
    type: box
robots:
- goal: [21.80592481425447, 48.282542089029434, 2.498682104261955]
  start: [39.975643555898166, 40.11989277606184, 0.0962933399642707]
  type: unicycle_first_order_0_sphere
- goal: [33.675447174905344, 3.4354132062405522, 0.34932070497252754]
  start: [41.90174394658918, 19.717069018837606, -0.0438376661931823]
  type: unicycle_first_order_0_sphere
