environment:
  max: [50.0, 50.0]
  min: [0.0, 0.0]
  obstacles:
  - center: [22, 22]
    size: [12, 12]
    type: box
  - center: [8, 38]
    size: [12, 12]
    type: box
  - center: [38, 12]
    size: [12, 12]
    type: box
  - center: [30, 40]
    size: [12, 12]
    type: box
  - center: [16, 6]
    size: [12, 12]
    type: box
robots:
- goal: [6.48794360696103, 2.989905290403363, 2.200317124970402]
  start: [18.83779119036502, 48.93354901815551, 0.8341322614811477]
  type: unicycle_first_order_0_sphere
- goal: [39.00385810292484, 2.810899211825033, -1.8382133040260147]
  start: [0.8867840517898425, 48.50748730329806, 2.0546206072295448]
  type: unicycle_first_order_0_sphere
