environment:
  max: [50.0, 50.0]
  min: [0.0, 0.0]
  obstacles:
  - center: [22, 22]
    size: [12, 12]
    type: box
  - center: [8, 38]
    size: [12, 12]
    type: box
  - center: [38, 12]
    size: [12, 12]
    type: box
  - center: [30, 40]
    size: [12, 12]
    type: box
  - center: [16, 6]
    size: [12, 12]
    type: box
robots:
- goal: [39.16775274876342, 43.161918724284206, -0.6843343432815585]
  start: [16.50433878133303, 48.925293007892144, -1.1390733959787083]
  type: unicycle_first_order_0_sphere
- goal: [30.119769736470175, 32.210729128655224, 2.5846283656487428]
  start: [23.9672037993894, 12.300390323657897, -1.525901406082292]
  type: unicycle_first_order_0_sphere
