environment:
  max: [50.0, 50.0]
  min: [0.0, 0.0]
  obstacles:
  - center: [22, 22]
    size: [12, 12]
    type: box
  - center: [8, 38]
    size: [12, 12]
    type: box
  - center: [38, 12]
    size: [12, 12]
    type: box
  - center: [30, 40]
    size: [12, 12]
    type: box
  - center: [16, 6]
    size: [12, 12]
    type: box
robots:
- goal: [42.695328174879634, 45.53546758629423, -2.974536991031794]
  start: [38.62692347138078, 35.60926431353506, 2.6099102699604435]
  type: unicycle_first_order_0_sphere
- goal: [38.87521394261125, 48.94807067252371, 3.0551269086219115]
  start: [15.13979069403391, 36.82075050919926, -1.3838890327430173]
  type: unicycle_first_order_0_sphere
