environment:
  max: [70.0, 70.0]
  min: [0.0, 0.0]
  obstacles:
  - center: [30.8, 30.8]
    size: [11.2, 11.2]
    type: box
  - center: [11.2, 53.2]
    size: [11.2, 11.2]
    type: box
  - center: [53.2, 16.8]
    size: [11.2, 11.2]
    type: box
  - center: [42.0, 56.0]
    size: [11.2, 11.2]
    type: box
  - center: [22.4, 7.0]
    size: [11.2, 11.2]
    type: box
robots:
- goal: [27.9899407320428, 65.42001171038761, 0.0, 0.0]
  start: [59.041398062710606, 25.79128750213271, 0.0, 0.0]
  type: double_integrator_0
- goal: [44.82352786124736, 7.614137880768866, 0.0, 0.0]
  start: [47.83910330320649, 32.47855789781069, 0.0, 0.0]
  type: double_integrator_0
- goal: [13.673575677691003, 27.36498629170119, 0.0, 0.0]
  start: [44.436459952382535, 26.392923033462143, 0.0, 0.0]
  type: double_integrator_0
- goal: [33.570296297732085, 66.95905308601618, 0.0, 0.0]
  start: [26.66913333383965, 49.864073129474306, 0.0, 0.0]
  type: double_integrator_0
