environment:
  max: [70.0, 70.0]
  min: [0.0, 0.0]
  obstacles:
  - center: [30.8, 30.8]
    size: [11.2, 11.2]
    type: box
  - center: [11.2, 53.2]
    size: [11.2, 11.2]
    type: box
  - center: [53.2, 16.8]
    size: [11.2, 11.2]
    type: box
  - center: [42.0, 56.0]
    size: [11.2, 11.2]
    type: box
  - center: [22.4, 7.0]
    size: [11.2, 11.2]
    type: box
robots:
- goal: [15.846941142344251, 21.07159005831241, 0.0, 0.0]
  start: [43.71915402234528, 62.6858019275794, 0.0, 0.0]
  type: double_integrator_0
- goal: [17.91441025949248, 31.17181852002046, 0.0, 0.0]
  start: [32.765066213207334, 21.271360149306147, 0.0, 0.0]
  type: double_integrator_0
- goal: [2.6369154305196507, 36.0377507729145, 0.0, 0.0]
  start: [11.316778759891763, 42.84401041783023, 0.0, 0.0]
  type: double_integrator_0
- goal: [34.78207844692724, 17.401790065304954, 0.0, 0.0]
  start: [64.0765937915418, 44.00706993802342, 0.0, 0.0]
  type: double_integrator_0
