environment:
  max: [70.0, 70.0]
  min: [0.0, 0.0]
  obstacles:
  - center: [30.8, 30.8]
    size: [5.6, 5.6]
    type: box
  - center: [11.2, 53.2]
    size: [5.6, 5.6]
    type: box
  - center: [53.2, 16.8]
    size: [5.6, 5.6]
    type: box
  - center: [42.0, 56.0]
    size: [5.6, 5.6]
    type: box
  - center: [22.4, 7.0]
    size: [5.6, 5.6]
    type: box
robots:
- goal: [10.913427411124314, 17.559353701920934, 0.0, 0.0]
  start: [42.37879020863141, 23.413382633337875, 0.0, 0.0]
  type: double_integrator_0
- goal: [30.669145730909374, 40.17296601624049, 0.0, 0.0]
  start: [41.99563708438355, 18.410219001146196, 0.0, 0.0]
  type: double_integrator_0
- goal: [58.904705388537195, 55.609082698088955, 0.0, 0.0]
  start: [44.32760649813828, 8.140711820846827, 0.0, 0.0]
  type: double_integrator_0
- goal: [19.04040190715589, 60.41283931927328, 0.0, 0.0]
  start: [51.63534605000959, 40.46831298415176, 0.0, 0.0]
  type: double_integrator_0
