environment:
  max: [70.0, 70.0]
  min: [0.0, 0.0]
  obstacles:
  - center: [30.8, 30.8]
    size: [5.6, 5.6]
    type: box
  - center: [11.2, 53.2]
    size: [5.6, 5.6]
    type: box
  - center: [53.2, 16.8]
    size: [5.6, 5.6]
    type: box
  - center: [42.0, 56.0]
    size: [5.6, 5.6]
    type: box
  - center: [22.4, 7.0]
    size: [5.6, 5.6]
    type: box
robots:
- goal: [4.495765666746329, 44.85057338901443, 0.0, 0.0]
  start: [2.9096235034949385, 36.9926716492235, 0.0, 0.0]
  type: double_integrator_0
- goal: [35.6618629420492, 35.758955247317346, 0.0, 0.0]
  start: [41.47798896186859, 18.278792107284453, 0.0, 0.0]
  type: double_integrator_0
- goal: [13.485277646186857, 5.834217430236835, 0.0, 0.0]
  start: [10.460165894211471, 57.277982322613596, 0.0, 0.0]
  type: double_integrator_0
- goal: [50.32768403055589, 58.3891743900691, 0.0, 0.0]
  start: [60.181459683583476, 61.24463562023565, 0.0, 0.0]
  type: double_integrator_0
- goal: [67.31785983729446, 10.64158068035607, 0.0, 0.0]
  start: [15.150706251259258, 44.711397190641165, 0.0, 0.0]
  type: double_integrator_0
- goal: [57.77972547010344, 61.87076258968328, 0.0, 0.0]
  start: [62.511695595073284, 29.61336841409697, 0.0, 0.0]
  type: double_integrator_0
