environment:
  max: [70.0, 70.0]
  min: [0.0, 0.0]
  obstacles:
  - center: [30.8, 30.8]
    size: [5.6, 5.6]
    type: box
  - center: [11.2, 53.2]
    size: [5.6, 5.6]
    type: box
  - center: [53.2, 16.8]
    size: [5.6, 5.6]
    type: box
  - center: [42.0, 56.0]
    size: [5.6, 5.6]
    type: box
  - center: [22.4, 7.0]
    size: [5.6, 5.6]
    type: box
robots:
- goal: [58.904705388537195, 55.609082698088955, 0.0, 0.0]
  start: [44.32760649813828, 8.140711820846827, 0.0, 0.0]
  type: double_integrator_0
- goal: [19.04040190715589, 60.41283931927328, 0.0, 0.0]
  start: [51.63534605000959, 40.46831298415176, 0.0, 0.0]
  type: double_integrator_0
- goal: [58.226083194642484, 23.91886490310332, 0.0, 0.0]
  start: [57.076391828594645, 61.6138994218797, 0.0, 0.0]
  type: double_integrator_0
- goal: [19.493461793850095, 32.04185758788465, 0.0, 0.0]
  start: [38.429689517986155, 13.593539629385486, 0.0, 0.0]
  type: double_integrator_0
- goal: [35.60146639303215, 22.774918766839296, 0.0, 0.0]
  start: [47.81303595769654, 36.645834320681395, 0.0, 0.0]
  type: double_integrator_0
- goal: [44.31947784184668, 19.596405897659885, 0.0, 0.0]
  start: [21.01354149035321, 45.355139317735286, 0.0, 0.0]
  type: double_integrator_0
