environment:
  max: [70.0, 70.0]
  min: [0.0, 0.0]
  obstacles:
  - center: [30.8, 30.8]
    size: [5.6, 5.6]
    type: box
  - center: [11.2, 53.2]
    size: [5.6, 5.6]
    type: box
  - center: [53.2, 16.8]
    size: [5.6, 5.6]
    type: box
  - center: [42.0, 56.0]
    size: [5.6, 5.6]
    type: box
  - center: [22.4, 7.0]
    size: [5.6, 5.6]
    type: box
robots:
- goal: [30.691575781291004, 62.339135664675, 0.0, 0.0]
  start: [36.155500130512266, 41.51301318758665, 0.0, 0.0]
  type: double_integrator_0
- goal: [23.780068613056905, 36.59114672348634, 0.0, 0.0]
  start: [57.95612196871872, 34.864507027732174, 0.0, 0.0]
  type: double_integrator_0
- goal: [53.532067000806265, 28.5314467860286, 0.0, 0.0]
  start: [7.169041060687834, 2.840707855491528, 0.0, 0.0]
  type: double_integrator_0
- goal: [7.078954919905063, 31.555742127957814, 0.0, 0.0]
  start: [12.122857951203864, 12.78007396829978, 0.0, 0.0]
  type: double_integrator_0
- goal: [52.452642627120305, 40.19031490244271, 0.0, 0.0]
  start: [43.382986864334285, 35.27980942339128, 0.0, 0.0]
  type: double_integrator_0
- goal: [48.1751914592552, 38.8402385191812, 0.0, 0.0]
  start: [35.45663896500651, 67.39389807861221, 0.0, 0.0]
  type: double_integrator_0
