environment:
  max: [70.0, 70.0]
  min: [0.0, 0.0]
  obstacles:
  - center: [30.8, 30.8]
    size: [5.6, 5.6]
    type: box
  - center: [11.2, 53.2]
    size: [5.6, 5.6]
    type: box
  - center: [53.2, 16.8]
    size: [5.6, 5.6]
    type: box
  - center: [42.0, 56.0]
    size: [5.6, 5.6]
    type: box
  - center: [22.4, 7.0]
    size: [5.6, 5.6]
    type: box
robots:
- goal: [62.51162442470848, 4.315081539860188, 0.0, 0.0]
  start: [4.715123347479415, 60.55586199719071, 0.0, 0.0]
  type: double_integrator_0
- goal: [48.42558758575409, 55.8939462754381, 0.0, 0.0]
  start: [54.17820698013161, 30.59845112170334, 0.0, 0.0]
  type: double_integrator_0
- goal: [6.5490959169526795, 19.26665861179059, 0.0, 0.0]
  start: [10.651289819774162, 17.711261752478727, 0.0, 0.0]
  type: double_integrator_0
- goal: [44.14905574026704, 45.73380552413052, 0.0, 0.0]
  start: [29.308495313236378, 37.97855487815475, 0.0, 0.0]
  type: double_integrator_0
- goal: [63.523360708072765, 53.64087556683007, 0.0, 0.0]
  start: [14.844756568619744, 31.491239894039676, 0.0, 0.0]
  type: double_integrator_0
- goal: [36.83448051847627, 13.99127134618519, 0.0, 0.0]
  start: [60.70994421328414, 44.12250789646989, 0.0, 0.0]
  type: double_integrator_0
