environment:
  max: [70.0, 70.0]
  min: [0.0, 0.0]
  obstacles:
  - center: [30.8, 30.8]
    size: [5.6, 5.6]
    type: box
  - center: [11.2, 53.2]
    size: [5.6, 5.6]
    type: box
  - center: [53.2, 16.8]
    size: [5.6, 5.6]
    type: box
  - center: [42.0, 56.0]
    size: [5.6, 5.6]
    type: box
  - center: [22.4, 7.0]
    size: [5.6, 5.6]
    type: box
robots:
- goal: [10.680877656861469, 35.88788469072139, 0.0, 0.0]
  start: [66.61960679791875, 14.730369360463046, 0.0, 0.0]
  type: unicycle_second_order_0
- goal: [66.68369824028804, 57.5589035327989, 0.0, 0.0]
  start: [48.1079753319466, 58.69712314374877, 0.0, 0.0]
  type: unicycle_second_order_0
