environment:
  max: [70.0, 70.0]
  min: [0.0, 0.0]
  obstacles:
  - center: [30.8, 30.8]
    size: [5.6, 5.6]
    type: box
  - center: [11.2, 53.2]
    size: [5.6, 5.6]
    type: box
  - center: [53.2, 16.8]
    size: [5.6, 5.6]
    type: box
  - center: [42.0, 56.0]
    size: [5.6, 5.6]
    type: box
  - center: [22.4, 7.0]
    size: [5.6, 5.6]
    type: box
robots:
- goal: [25.966658402240785, 67.51626612203603, 0.0, 0.0]
  start: [30.180543575207547, 55.03584943077249, 0.0, 0.0]
  type: unicycle_second_order_0
- goal: [65.70444238932383, 46.486848134578054, 0.0, 0.0]
  start: [12.650887066734578, 42.54787811375258, 0.0, 0.0]
  type: unicycle_second_order_0
