environment:
  max: [70.0, 70.0]
  min: [0.0, 0.0]
  obstacles:
  - center: [30.8, 30.8]
    size: [5.6, 5.6]
    type: box
  - center: [11.2, 53.2]
    size: [5.6, 5.6]
    type: box
  - center: [53.2, 16.8]
    size: [5.6, 5.6]
    type: box
  - center: [42.0, 56.0]
    size: [5.6, 5.6]
    type: box
  - center: [22.4, 7.0]
    size: [5.6, 5.6]
    type: box
robots:
- goal: [19.152229593758893, 61.32538555828245, 0.0, 0.0]
  start: [47.251813342592854, 4.545628383107937, 0.0, 0.0]
  type: unicycle_second_order_0
- goal: [62.42076964881925, 60.80839962304608, 0.0, 0.0]
  start: [47.42462363615631, 60.662300550468636, 0.0, 0.0]
  type: unicycle_second_order_0
