environment:
  max: [70.0, 70.0]
  min: [0.0, 0.0]
  obstacles:
  - center: [30.8, 30.8]
    size: [5.6, 5.6]
    type: box
  - center: [11.2, 53.2]
    size: [5.6, 5.6]
    type: box
  - center: [53.2, 16.8]
    size: [5.6, 5.6]
    type: box
  - center: [42.0, 56.0]
    size: [5.6, 5.6]
    type: box
  - center: [22.4, 7.0]
    size: [5.6, 5.6]
    type: box
robots:
- goal: [47.08779270258585, 23.20949884954786, 0.0, 0.0]
  start: [37.646353646836715, 24.1322480472403, 0.0, 0.0]
  type: unicycle_second_order_0
- goal: [54.77680828366794, 3.6636647522822434, 0.0, 0.0]
  start: [8.856533854401471, 3.9164642930684663, 0.0, 0.0]
  type: unicycle_second_order_0
