environment:
  max: [70.0, 70.0]
  min: [0.0, 0.0]
  obstacles:
  - center: [30.8, 30.8]
    size: [5.6, 5.6]
    type: box
  - center: [11.2, 53.2]
    size: [5.6, 5.6]
    type: box
  - center: [53.2, 16.8]
    size: [5.6, 5.6]
    type: box
  - center: [42.0, 56.0]
    size: [5.6, 5.6]
    type: box
  - center: [22.4, 7.0]
    size: [5.6, 5.6]
    type: box
robots:
- goal: [11.037494683658778, 17.649188542866312, 0.0, 0.0]
  start: [42.34078287602272, 23.473064018444788, 0.0, 0.0]
  type: unicycle_second_order_0
- goal: [30.6914534824555, 40.14632064018376, 0.0, 0.0]
  start: [41.95960333115869, 18.495671129001966, 0.0, 0.0]
  type: unicycle_second_order_0
- goal: [58.78157489384551, 55.50292759153096, 0.0, 0.0]
  start: [44.27956102827209, 8.279061044851563, 0.0, 0.0]
  type: unicycle_second_order_0
- goal: [19.122608032532145, 60.281940593434854, 0.0, 0.0]
  start: [51.54965922161273, 40.44014630851515, 0.0, 0.0]
  type: unicycle_second_order_0
