environment:
  max: [70.0, 70.0]
  min: [0.0, 0.0]
  obstacles:
  - center: [30.8, 30.8]
    size: [11.2, 11.2]
    type: box
  - center: [11.2, 53.2]
    size: [11.2, 11.2]
    type: box
  - center: [53.2, 16.8]
    size: [11.2, 11.2]
    type: box
  - center: [42.0, 56.0]
    size: [11.2, 11.2]
    type: box
  - center: [22.4, 7.0]
    size: [11.2, 11.2]
    type: box
robots:
- goal: [8.721174529637144, 3.755527469269132, 0.0, 0.0]
  start: [37.66005529759443, 24.07597962598968, 0.0, 0.0]
  type: double_integrator_0
- goal: [59.385634487336254, 30.29488837235564, 0.0, 0.0]
  start: [54.879203865048076, 3.5014190440774904, 0.0, 0.0]
  type: double_integrator_0
