environment:
  max: [50.0, 50.0]
  min: [0.0, 0.0]
  obstacles:
  - center: [25, 7]
    size: [2, 14]
    type: box
  - center: [25, 43]
    size: [2, 14]
    type: box
  - center: [7, 25]
    size: [14, 2]
    type: box
  - center: [43, 25]
    size: [14, 2]
    type: box
robots:
- goal: [41.09019735658369, 20.541677595725815, 0.3116063297162208]
  start: [47.02868785443867, 15.760924293714833, -0.4817541292647971]
  type: unicycle_first_order_0_sphere
- goal: [16.639827280105422, 39.16184933833465, -1.2365633569717065]
  start: [1.8031524602346567, 37.447493635933, 0.23966150518651785]
  type: unicycle_first_order_0_sphere
- goal: [10.439652317198945, 13.329585015694809, 1.573087632505973]
  start: [22.716746373499987, 7.031447334835788, -0.608759060011907]
  type: unicycle_first_order_0_sphere
- goal: [14.045358118627705, 8.338013630858727, 2.9526284517898995]
  start: [47.66736820889193, 36.0371860919805, 0.25903597303685366]
  type: unicycle_first_order_0_sphere
