environment:
  max: [50.0, 50.0]
  min: [0.0, 0.0]
  obstacles:
  - center: [25, 7]
    size: [2, 14]
    type: box
  - center: [25, 43]
    size: [2, 14]
    type: box
  - center: [7, 25]
    size: [14, 2]
    type: box
  - center: [43, 25]
    size: [14, 2]
    type: box
robots:
- goal: [29.563403988920342, 13.220784683897657, 2.135538579126397]
  start: [3.5113643362588918, 31.939213104743306, 2.2156574695706945]
  type: unicycle_first_order_0_sphere
- goal: [7.712971957041366, 40.6936719087565, 1.1516255947980714]
  start: [25.466247782706105, 25.534644227306767, 1.589835683306923]
  type: unicycle_first_order_0_sphere
- goal: [9.844004769408532, 4.454233512548474, 2.23195690555438]
  start: [39.09645983034073, 9.858358317888639, 1.8998100546581602]
  type: unicycle_first_order_0_sphere
- goal: [35.797550730276825, 41.47644853016346, -1.370502030273198]
  start: [42.739019662323514, 43.4879714340541, -0.17649643859940056]
  type: unicycle_first_order_0_sphere
