environment:
  max: [50.0, 50.0]
  min: [0.0, 0.0]
  obstacles:
  - center: [25, 7]
    size: [2, 14]
    type: box
  - center: [25, 43]
    size: [2, 14]
    type: box
  - center: [7, 25]
    size: [14, 2]
    type: box
  - center: [43, 25]
    size: [14, 2]
    type: box
robots:
- goal: [34.28169115725354, 41.7798132637329, -0.46804077302212743]
  start: [47.38968394278269, 10.64717687488611, 2.063680077375216]
  type: unicycle_first_order_0_sphere
- goal: [28.719842904075612, 37.43712155718622, 2.055254651034791]
  start: [47.43506676956028, 40.973845703493595, -1.0165231716052343]
  type: unicycle_first_order_0_sphere
- goal: [7.292153438910077, 44.9605619251447, -1.7208737661847693]
  start: [46.28182891881264, 7.569239521368759, 1.5430259737653298]
  type: unicycle_first_order_0_sphere
- goal: [25.875659888588295, 16.283500835413612, -1.3670105282856249]
  start: [42.344071720365264, 15.490207197627276, 2.952031266380736]
  type: unicycle_first_order_0_sphere
