environment:
  max: [50.0, 50.0]
  min: [0.0, 0.0]
  obstacles:
  - center: [25, 7]
    size: [2, 14]
    type: box
  - center: [25, 43]
    size: [2, 14]
    type: box
  - center: [7, 25]
    size: [14, 2]
    type: box
  - center: [43, 25]
    size: [14, 2]
    type: box
robots:
- goal: [4.963072758833258, 29.914935824913606, 1.4360881438650939]
  start: [13.295155791641433, 15.105915141633451, 1.9743385564396059]
  type: unicycle_first_order_0_sphere
- goal: [32.72996103039159, 28.05724404251901, -2.1987236456275907]
  start: [9.675942702300228, 3.1576994020536477, -1.4139091612381165]
  type: unicycle_first_order_0_sphere
- goal: [31.53935400435911, 47.95110526743952, 1.150230201797279]
  start: [21.692171828515047, 33.31249736000894, -0.48515820639820406]
  type: unicycle_first_order_0_sphere
- goal: [16.07099809021488, 45.829049618485065, -0.18277858053988316]
  start: [19.67877930422928, 9.644101173256814, -0.9678576828074092]
  type: unicycle_first_order_0_sphere
