environment:
  max: [50.0, 50.0]
  min: [0.0, 0.0]
  obstacles:
  - center: [25, 7]
    size: [2, 14]
    type: box
  - center: [25, 43]
    size: [2, 14]
    type: box
  - center: [7, 25]
    size: [14, 2]
    type: box
  - center: [43, 25]
    size: [14, 2]
    type: box
robots:
- goal: [29.034155970760455, 5.071716334003599, -0.4201758265523301]
  start: [4.655374106751956, 12.077395873868493, 1.8929632932132208]
  type: unicycle_first_order_0_sphere
- goal: [21.593835802336127, 29.261809857612707, 1.494378890606205]
  start: [6.031296178140907, 19.659304153337004, 0.10518166948605545]
  type: unicycle_first_order_0_sphere
- goal: [34.63420543650463, 14.822588776513115, -3.132230182780603]
  start: [47.40272221245244, 14.404277140065657, 0.9333496289465204]
  type: unicycle_first_order_0_sphere
- goal: [38.41790117375688, 1.9399889762273355, 1.3004000481224312]
  start: [44.233013558857216, 29.18150034864358, -0.18026669018758001]
  type: unicycle_first_order_0_sphere
