environment:
  max: [50.0, 50.0]
  min: [0.0, 0.0]
  obstacles:
  - center: [25, 7]
    size: [2, 14]
    type: box
  - center: [25, 43]
    size: [2, 14]
    type: box
  - center: [7, 25]
    size: [14, 2]
    type: box
  - center: [43, 25]
    size: [14, 2]
    type: box
robots:
- goal: [39.82334926300313, 9.019315772671796, 2.3350532944055393]
  start: [4.419048773274067, 30.27117135095595, -0.7760576782802868]
  type: unicycle_first_order_0_sphere
- goal: [21.587367236514183, 39.187283831426576, 3.0420230155941415]
  start: [27.157522777487756, 44.74876041405503, -0.1435486433343276]
  type: unicycle_first_order_0_sphere
- goal: [9.17470596091327, 30.34461438706728, 1.287203159291475]
  start: [18.60353641923425, 48.02460388342713, 2.6956522960000155]
  type: unicycle_first_order_0_sphere
- goal: [24.895299100361882, 24.686733847245236, 0.0014211895926803386]
  start: [46.741660645242106, 33.13377917301849, -2.3034424028955938]
  type: unicycle_first_order_0_sphere
