environment:
  max: [50.0, 50.0]
  min: [0.0, 0.0]
  obstacles:
  - center: [25, 7]
    size: [2, 14]
    type: box
  - center: [25, 43]
    size: [2, 14]
    type: box
  - center: [7, 25]
    size: [14, 2]
    type: box
  - center: [43, 25]
    size: [14, 2]
    type: box
robots:
- goal: [14.48284776232775, 3.0979974869393305, -0.7328149346083426]
  start: [39.975643555898166, 40.11989277606184, 0.0962933399642707]
  type: unicycle_first_order_0_sphere
- goal: [41.90174394658918, 19.717069018837606, -0.0438376661931823]
  start: [20.506034386121932, 2.6730120206100576, -2.835238921937138]
  type: unicycle_first_order_0_sphere
- goal: [13.778273782427982, 43.64087261074467, -2.73812144456103]
  start: [33.675447174905344, 3.4354132062405522, 0.34932070497252754]
  type: unicycle_first_order_0_sphere
- goal: [44.416508555233584, 43.274797479994845, -3.0252455435944787]
  start: [33.79781327134902, 43.171345464280414, -1.7133082362490422]
  type: unicycle_first_order_0_sphere
