environment:
  max: [50.0, 50.0]
  min: [0.0, 0.0]
  obstacles:
  - center: [25, 7]
    size: [2, 14]
    type: box
  - center: [25, 43]
    size: [2, 14]
    type: box
  - center: [7, 25]
    size: [14, 2]
    type: box
  - center: [43, 25]
    size: [14, 2]
    type: box
robots:
- goal: [14.48284776232775, 3.0979974869393305, -0.7328149346083426]
  start: [39.975643555898166, 40.11989277606184, 0.0962933399642707]
  type: unicycle_first_order_0_sphere
- goal: [49.509547249695004, 32.481323378970195, -1.6681216000742336]
  start: [20.506034386121932, 2.6730120206100576, -2.835238921937138]
  type: unicycle_first_order_0_sphere
- goal: [41.90174394658918, 19.717069018837606, -0.0438376661931823]
  start: [21.80592481425447, 48.282542089029434, 2.498682104261955]
  type: unicycle_first_order_0_sphere
- goal: [13.778273782427982, 43.64087261074467, -2.73812144456103]
  start: [33.675447174905344, 3.4354132062405522, 0.34932070497252754]
  type: unicycle_first_order_0_sphere
