environment:
  max: [50.0, 50.0]
  min: [0.0, 0.0]
  obstacles:
  - center: [25, 7]
    size: [2, 14]
    type: box
  - center: [25, 43]
    size: [2, 14]
    type: box
  - center: [7, 25]
    size: [14, 2]
    type: box
  - center: [43, 25]
    size: [14, 2]
    type: box
robots:
- goal: [33.55930498777063, 16.651205659426, 1.1304560051279005]
  start: [26.873869657272408, 17.304599707834914, -0.8226747951461473]
  type: unicycle_first_order_0_sphere
- goal: [39.00385810292484, 2.810899211825033, -1.8382133040260147]
  start: [6.48794360696103, 2.989905290403363, 2.200317124970402]
  type: unicycle_first_order_0_sphere
- goal: [6.454065781618323, 9.599113247081428, -0.017166210520705327]
  start: [42.1784024867749, 21.685495252262008, 0.8009046481796953]
  type: unicycle_first_order_0_sphere
- goal: [18.217106102152346, 15.77121395479822, 2.395710664347914]
  start: [42.979736455080406, 7.3072524600907185, -0.37914149140104936]
  type: unicycle_first_order_0_sphere
