environment:
  max: [50.0, 50.0]
  min: [0.0, 0.0]
  obstacles:
  - center: [25, 7]
    size: [2, 14]
    type: box
  - center: [25, 43]
    size: [2, 14]
    type: box
  - center: [7, 25]
    size: [14, 2]
    type: box
  - center: [43, 25]
    size: [14, 2]
    type: box
robots:
- goal: [29.820837699874158, 3.3592556391642274, -0.7060302162553027]
  start: [36.870953515467185, 4.942434208595541, 0.25851425395397554]
  type: unicycle_first_order_0_sphere
- goal: [30.158262063045694, 31.775632116707108, 1.1086695793727674]
  start: [16.311084601277944, 7.824806697359186, 1.9876109260170667]
  type: unicycle_first_order_0_sphere
- goal: [20.212666436905494, 5.198171012048709, 2.9394503366364164]
  start: [7.8536917411669025, 22.069391238940003, -1.6363678884928008]
  type: unicycle_first_order_0_sphere
- goal: [43.36718198394067, 32.96474365241808, -2.314626093510592]
  start: [11.006698234173708, 33.43366948421409, -1.2539976116588045]
  type: unicycle_first_order_0_sphere
