environment:
  max: [50.0, 50.0]
  min: [0.0, 0.0]
  obstacles:
  - center: [25, 7]
    size: [2, 14]
    type: box
  - center: [25, 43]
    size: [2, 14]
    type: box
  - center: [7, 25]
    size: [14, 2]
    type: box
  - center: [43, 25]
    size: [14, 2]
    type: box
robots:
- goal: [21.94999997032942, 18.751971141687232, -2.469583387682043]
  start: [39.16775274876342, 43.161918724284206, -0.6843343432815585]
  type: unicycle_first_order_0_sphere
- goal: [21.21852363788151, 13.015696803268897, 0.5711594625931578]
  start: [9.52031944056977, 9.968749351201653, 1.97183740610443]
  type: unicycle_first_order_0_sphere
- goal: [7.825120097332649, 18.68510800652165, -1.3532684458617685]
  start: [30.119769736470175, 32.210729128655224, 2.5846283656487428]
  type: unicycle_first_order_0_sphere
- goal: [30.269935777759414, 11.402245283796603, -2.2997266757168]
  start: [19.761555865238517, 30.731342070383743, -0.29991824473395434]
  type: unicycle_first_order_0_sphere
