environment:
  max: [50.0, 50.0]
  min: [0.0, 0.0]
  obstacles:
  - center: [25, 7]
    size: [2, 14]
    type: box
  - center: [25, 43]
    size: [2, 14]
    type: box
  - center: [7, 25]
    size: [14, 2]
    type: box
  - center: [43, 25]
    size: [14, 2]
    type: box
robots:
- goal: [38.62692347138078, 35.60926431353506, 2.6099102699604435]
  start: [43.179235914931155, 14.532724966198966, 0.6480989408667286]
  type: unicycle_first_order_0_sphere
- goal: [21.918876806358874, 24.26076645458484, -2.7322167579728545]
  start: [42.695328174879634, 45.53546758629423, -2.974536991031794]
  type: unicycle_first_order_0_sphere
- goal: [15.13979069403391, 36.82075050919926, -1.3838890327430173]
  start: [38.974343766228564, 15.94613135793321, 1.2901497157452093]
  type: unicycle_first_order_0_sphere
- goal: [18.623458866374364, 30.201602126304806, -0.13992718446988928]
  start: [27.675796673638274, 45.780996016247826, -2.5777975360074104]
  type: unicycle_first_order_0_sphere
