environment:
  max: [70.0, 70.0]
  min: [0.0, 0.0]
  obstacles:
  - center: [35.0, 9.8]
    size: [2.8, 19.6]
    type: box
  - center: [35.0, 60.2]
    size: [2.8, 19.6]
    type: box
  - center: [9.8, 35.0]
    size: [19.6, 2.8]
    type: box
  - center: [60.2, 35.0]
    size: [19.6, 2.8]
    type: box
robots:
- goal: [57.7232199890025, 28.703778858077932, 0.0, 0.0]
  start: [66.1097936894267, 21.952207911665926, 0.0, 0.0]
  type: unicycle_second_order_0
- goal: [23.1934298473666, 54.99992982276345, 0.0, 0.0]
  start: [2.2404845002251736, 52.57884816032294, 0.0, 0.0]
  type: unicycle_second_order_0
- goal: [14.437294883317719, 18.518573378914496, 0.0, 0.0]
  start: [31.775497944752154, 9.624091548048263, 0.0, 0.0]
  type: unicycle_second_order_0
- goal: [19.52941677130459, 11.469276707483072, 0.0, 0.0]
  start: [67.01176362026519, 50.587155463013055, 0.0, 0.0]
  type: unicycle_second_order_0
