environment:
  max: [70.0, 70.0]
  min: [0.0, 0.0]
  obstacles:
  - center: [35.0, 9.8]
    size: [2.8, 19.6]
    type: box
  - center: [35.0, 60.2]
    size: [2.8, 19.6]
    type: box
  - center: [9.8, 35.0]
    size: [19.6, 2.8]
    type: box
  - center: [60.2, 35.0]
    size: [19.6, 2.8]
    type: box
robots:
- goal: [6.703050278723244, 41.941068869838546, 0.0, 0.0]
  start: [18.46995105223462, 21.027177799995787, 0.0, 0.0]
  type: unicycle_second_order_0
- goal: [45.916560009012784, 39.31756226469164, 0.0, 0.0]
  start: [13.358753632239829, 4.153429845907293, 0.0, 0.0]
  type: unicycle_second_order_0
- goal: [44.235137166680886, 67.41246843808219, 0.0, 0.0]
  start: [30.328552810092344, 46.73924110335404, 0.0, 0.0]
  type: unicycle_second_order_0
- goal: [22.390106523755527, 64.4156166113787, 0.0, 0.0]
  start: [27.485159392370313, 13.313785751908414, 0.0, 0.0]
  type: unicycle_second_order_0
