environment:
  max: [70.0, 70.0]
  min: [0.0, 0.0]
  obstacles:
  - center: [35.0, 9.8]
    size: [2.8, 19.6]
    type: box
  - center: [35.0, 60.2]
    size: [2.8, 19.6]
    type: box
  - center: [9.8, 35.0]
    size: [19.6, 2.8]
    type: box
  - center: [60.2, 35.0]
    size: [19.6, 2.8]
    type: box
robots:
- goal: [30.692668019866726, 26.17628385167168, 0.0, 0.0]
  start: [55.008266854987816, 60.648987731367306, 0.0, 0.0]
  type: unicycle_second_order_0
- goal: [29.659647898944378, 18.075287896155004, 0.0, 0.0]
  start: [13.138976240245295, 13.77226688815445, 0.0, 0.0]
  type: unicycle_second_order_0
- goal: [10.74494795408334, 26.081857059019555, 0.0, 0.0]
  start: [42.23034350894689, 45.18327995862011, 0.0, 0.0]
  type: unicycle_second_order_0
- goal: [42.44241399605603, 15.796707154971129, 0.0, 0.0]
  start: [27.602059761213603, 43.0940304094074, 0.0, 0.0]
  type: unicycle_second_order_0
