environment:
  max: [70.0, 70.0]
  min: [0.0, 0.0]
  obstacles:
  - center: [30.8, 30.8]
    size: [16.8, 16.8]
    type: box
  - center: [11.2, 53.2]
    size: [16.8, 16.8]
    type: box
  - center: [53.2, 16.8]
    size: [16.8, 16.8]
    type: box
  - center: [42.0, 56.0]
    size: [16.8, 16.8]
    type: box
  - center: [22.4, 8.4]
    size: [16.8, 16.8]
    type: box
robots:
- goal: [66.00167679718355, 21.997553333924543, -0.4817541292647971]
  start: [35.81687426678774, 66.12704141612213, -2.2358110930610913]
  type: unicycle_first_order_0_sphere
- goal: [23.234461610087266, 54.93042340690274, -1.2365633569717065]
  start: [57.64424923299252, 28.72566032310904, 0.3116063297162208]
  type: unicycle_first_order_0_sphere
- goal: [19.826245176835357, 33.97669633322598, 3.0205609104057993]
  start: [14.508757130721937, 18.5758518245318, 1.573087632505973]
  type: unicycle_first_order_0_sphere
- goal: [36.11033926135842, 8.456313821730228, 0.7759090175804215]
  start: [66.90051208216767, 50.53298490745117, 0.25903597303685366]
  type: unicycle_first_order_0_sphere
