environment:
  max: [70.0, 70.0]
  min: [0.0, 0.0]
  obstacles:
  - center: [30.8, 30.8]
    size: [16.8, 16.8]
    type: box
  - center: [11.2, 53.2]
    size: [16.8, 16.8]
    type: box
  - center: [53.2, 16.8]
    size: [16.8, 16.8]
    type: box
  - center: [42.0, 56.0]
    size: [16.8, 16.8]
    type: box
  - center: [22.4, 8.4]
    size: [16.8, 16.8]
    type: box
robots:
- goal: [54.497494336714496, 42.355551274384936, -0.2656177957206629]
  start: [62.06901634433047, 48.4655559508593, -2.7130594228062934]
  type: unicycle_first_order_0_sphere
- goal: [36.47470501889602, 8.841028566090438, -2.4605343478553934]
  start: [13.78748784695939, 65.56727059348492, -2.2277445089947774]
  type: unicycle_first_order_0_sphere
- goal: [52.353690837313074, 62.869529407020664, -2.7818516458373352]
  start: [55.356264987671494, 59.84650591078644, 0.22261826904039994]
  type: unicycle_first_order_0_sphere
- goal: [9.01877536114162, 64.11509398434777, 1.2285491139859577]
  start: [2.8813686567625707, 64.97080526025488, -2.572769740306532]
  type: unicycle_first_order_0_sphere
