environment:
  max: [70.0, 70.0]
  min: [0.0, 0.0]
  obstacles:
  - center: [30.8, 30.8]
    size: [16.8, 16.8]
    type: box
  - center: [11.2, 53.2]
    size: [16.8, 16.8]
    type: box
  - center: [53.2, 16.8]
    size: [16.8, 16.8]
    type: box
  - center: [42.0, 56.0]
    size: [16.8, 16.8]
    type: box
  - center: [22.4, 8.4]
    size: [16.8, 16.8]
    type: box
robots:
- goal: [41.89619728031924, 13.387527179121076, 1.830319110502864]
  start: [4.21697346938942, 64.612530915222, 2.5655470354223615]
  type: unicycle_first_order_0_sphere
- goal: [3.0230960818221737, 25.37907810925047, 2.0522290026166763]
  start: [11.611148816865052, 22.606250578928506, 1.045667095525424]
  type: unicycle_first_order_0_sphere
- goal: [56.36813675142323, 35.48225993225358, 0.047005133452231895]
  start: [57.81417520243916, 6.0513851773715075, 0.3328883674486307]
  type: unicycle_first_order_0_sphere
- goal: [53.18485914173364, 33.756430438489176, 0.21560417021998113]
  start: [63.813457934949575, 26.37239039168014, 1.77123994902451]
  type: unicycle_first_order_0_sphere
