environment:
  max: [70.0, 70.0]
  min: [0.0, 0.0]
  obstacles:
  - center: [30.8, 30.8]
    size: [16.8, 16.8]
    type: box
  - center: [11.2, 53.2]
    size: [16.8, 16.8]
    type: box
  - center: [53.2, 16.8]
    size: [16.8, 16.8]
    type: box
  - center: [42.0, 56.0]
    size: [16.8, 16.8]
    type: box
  - center: [22.4, 8.4]
    size: [16.8, 16.8]
    type: box
robots:
- goal: [14.195721123201853, 31.703048454551126, 1.849540074588898]
  start: [44.098292144029706, 36.365785482342766, -1.6918915739761824]
  type: unicycle_first_order_0_sphere
- goal: [38.379168646031125, 6.633315887470302, -1.5756249855053117]
  start: [43.379431627717565, 17.330363785531315, -0.36628751440656915]
  type: unicycle_first_order_0_sphere
- goal: [60.06153084179678, 31.936905119734963, 0.7875880596460978]
  start: [62.93614942050626, 30.734013770413537, -1.5051117333831894]
  type: unicycle_first_order_0_sphere
- goal: [54.51801288355405, 33.19257593436749, 0.3304230882599013]
  start: [62.90609977965218, 38.1079487086896, -2.1519154206633573]
  type: unicycle_first_order_0_sphere
