environment:
  max: [70.0, 70.0]
  min: [0.0, 0.0]
  obstacles:
  - center: [30.8, 30.8]
    size: [16.8, 16.8]
    type: box
  - center: [11.2, 53.2]
    size: [16.8, 16.8]
    type: box
  - center: [53.2, 16.8]
    size: [16.8, 16.8]
    type: box
  - center: [42.0, 56.0]
    size: [16.8, 16.8]
    type: box
  - center: [22.4, 8.4]
    size: [16.8, 16.8]
    type: box
robots:
- goal: [6.801391601535196, 41.91694634422669, 1.4360881438650939]
  start: [18.52739847662776, 21.075738009915916, 1.9743385564396059]
  type: unicycle_first_order_0_sphere
- goal: [30.34478764461079, 46.69844333149935, -0.48515820639820406]
  start: [45.878621327903446, 39.302557298127574, -2.1987236456275907]
  type: unicycle_first_order_0_sphere
- goal: [22.433930102522368, 64.31338754862155, -0.18277858053988316]
  start: [44.203041989841445, 67.29982431731305, 1.150230201797279]
  type: unicycle_first_order_0_sphere
- goal: [36.14555321403727, 41.45694707693312, 2.2752544022370884]
  start: [59.132229961757425, 44.98054620210126, -0.5872114337693022]
  type: unicycle_first_order_0_sphere
