environment:
  max: [70.0, 70.0]
  min: [0.0, 0.0]
  obstacles:
  - center: [30.8, 30.8]
    size: [16.8, 16.8]
    type: box
  - center: [11.2, 53.2]
    size: [16.8, 16.8]
    type: box
  - center: [53.2, 16.8]
    size: [16.8, 16.8]
    type: box
  - center: [42.0, 56.0]
    size: [16.8, 16.8]
    type: box
  - center: [22.4, 8.4]
    size: [16.8, 16.8]
    type: box
robots:
- goal: [66.38225092367347, 23.974233157436753, -0.3682292226808688]
  start: [54.42522538728724, 42.31402974335389, 1.3182197570030034]
  type: unicycle_first_order_0_sphere
- goal: [18.433680643141486, 33.081472684622945, 1.6415980488516517]
  start: [45.7856360055383, 30.87486154577671, -3.1399307260661273]
  type: unicycle_first_order_0_sphere
- goal: [64.10497147669987, 49.6289560600602, 0.5042853429222247]
  start: [42.35129613995803, 30.176476522890958, -1.941325418888289]
  type: unicycle_first_order_0_sphere
- goal: [67.65382024234485, 49.39907623576298, -2.659432176393513]
  start: [28.20252040989899, 56.96851208006935, -1.4879524435355973]
  type: unicycle_first_order_0_sphere
