environment:
  max: [70.0, 70.0]
  min: [0.0, 0.0]
  obstacles:
  - center: [30.8, 30.8]
    size: [16.8, 16.8]
    type: box
  - center: [11.2, 53.2]
    size: [16.8, 16.8]
    type: box
  - center: [53.2, 16.8]
    size: [16.8, 16.8]
    type: box
  - center: [42.0, 56.0]
    size: [16.8, 16.8]
    type: box
  - center: [22.4, 8.4]
    size: [16.8, 16.8]
    type: box
robots:
- goal: [57.13737797244113, 49.660260838877136, -0.56595410147892]
  start: [60.85145230873521, 6.422344854476239, 1.523517058132203]
  type: unicycle_first_order_0_sphere
- goal: [42.05156000560351, 3.2918226033481672, -1.0530655521765961]
  start: [65.60810582868002, 2.588585318614738, 1.9034279608816131]
  type: unicycle_first_order_0_sphere
- goal: [6.126205843939266, 32.613453511368405, -0.28144873813407223]
  start: [30.801545683102315, 49.91211406960994, -0.8077846298610254]
  type: unicycle_first_order_0_sphere
- goal: [14.846553176995945, 63.028921113621585, 1.980507510184231]
  start: [63.66793026089934, 41.753878034779085, -1.2098756330140723]
  type: unicycle_first_order_0_sphere
