environment:
  max: [70.0, 70.0]
  min: [0.0, 0.0]
  obstacles:
  - center: [30.8, 30.8]
    size: [16.8, 16.8]
    type: box
  - center: [11.2, 53.2]
    size: [16.8, 16.8]
    type: box
  - center: [53.2, 16.8]
    size: [16.8, 16.8]
    type: box
  - center: [42.0, 56.0]
    size: [16.8, 16.8]
    type: box
  - center: [22.4, 8.4]
    size: [16.8, 16.8]
    type: box
robots:
- goal: [37.88344328977188, 41.69310622036876, 1.8215007449981497]
  start: [24.899080454328267, 54.742370189424975, -2.2197283050920746]
  type: unicycle_first_order_0_sphere
- goal: [35.427129747711575, 43.735075433863706, 0.6613601185168791]
  start: [19.703490213554204, 29.032075634082844, -0.7786697740881401]
  type: unicycle_first_order_0_sphere
- goal: [17.311401494275987, 37.866965522562225, -2.6546808629294345]
  start: [5.50509116216734, 21.163215641812215, -0.6073447179823233]
  type: unicycle_first_order_0_sphere
- goal: [53.13002836137094, 40.816576294765795, -0.72094484694221]
  start: [64.52660135137118, 2.491715990967262, 0.8297438951089418]
  type: unicycle_first_order_0_sphere
