environment:
  max: [70.0, 70.0]
  min: [0.0, 0.0]
  obstacles:
  - center: [30.8, 30.8]
    size: [16.8, 16.8]
    type: box
  - center: [11.2, 53.2]
    size: [16.8, 16.8]
    type: box
  - center: [53.2, 16.8]
    size: [16.8, 16.8]
    type: box
  - center: [42.0, 56.0]
    size: [16.8, 16.8]
    type: box
  - center: [22.4, 8.4]
    size: [16.8, 16.8]
    type: box
robots:
- goal: [2.4128901796328774, 66.24981224326751, 2.78868920873552]
  start: [3.9082456514661614, 35.43687083128715, 0.12085097236726039]
  type: unicycle_first_order_0_sphere
- goal: [42.8562706722278, 16.442493808434968, -1.4571086513834752]
  start: [53.01920411789217, 67.58964659347062, 0.6830036997954023]
  type: unicycle_first_order_0_sphere
- goal: [15.570642271977317, 29.304097590422224, -2.869922559029482]
  start: [3.7055689756857517, 39.247122317010756, 2.9287099880955925]
  type: unicycle_first_order_0_sphere
- goal: [38.079131925811744, 44.876957098547145, 2.1020883540133877]
  start: [16.784523099236967, 65.76065615097635, 2.3463814300230483]
  type: unicycle_first_order_0_sphere
