environment:
  max: [70.0, 70.0]
  min: [0.0, 0.0]
  obstacles:
  - center: [30.8, 30.8]
    size: [16.8, 16.8]
    type: box
  - center: [11.2, 53.2]
    size: [16.8, 16.8]
    type: box
  - center: [53.2, 16.8]
    size: [16.8, 16.8]
    type: box
  - center: [42.0, 56.0]
    size: [16.8, 16.8]
    type: box
  - center: [22.4, 8.4]
    size: [16.8, 16.8]
    type: box
robots:
- goal: [22.764820929234133, 47.89501967229293, 2.967121373515087]
  start: [11.52277957889647, 39.991058137120994, -0.7719800821240508]
  type: unicycle_first_order_0_sphere
- goal: [3.251455620464473, 16.56293083549107, 0.6772281825516075]
  start: [67.25797000563358, 46.83672098203929, 2.074089308243245]
  type: unicycle_first_order_0_sphere
- goal: [5.056598311923919, 10.767018037806727, -1.0879635398023368]
  start: [56.598162645897744, 66.90965165789325, -2.128756216315921]
  type: unicycle_first_order_0_sphere
- goal: [64.3350349007638, 46.32299371398855, 0.22411942931214668]
  start: [25.70197316299679, 41.318553707233754, -2.848768944874256]
  type: unicycle_first_order_0_sphere
