environment:
  max: [70.0, 70.0]
  min: [0.0, 0.0]
  obstacles:
  - center: [30.8, 30.8]
    size: [16.8, 16.8]
    type: box
  - center: [11.2, 53.2]
    size: [16.8, 16.8]
    type: box
  - center: [53.2, 16.8]
    size: [16.8, 16.8]
    type: box
  - center: [42.0, 56.0]
    size: [16.8, 16.8]
    type: box
  - center: [22.4, 8.4]
    size: [16.8, 16.8]
    type: box
robots:
- goal: [28.323973119263474, 47.64561945123284, 0.0696234436601606]
  start: [12.93174660359011, 27.968160166834682, 2.4745219716014786]
  type: unicycle_first_order_0_sphere
- goal: [39.16616332735601, 19.399103669642674, -0.6350206338859921]
  start: [10.272376231629368, 23.15770662681582, -0.5749435465673383]
  type: unicycle_first_order_0_sphere
- goal: [62.530244340378815, 64.57349053087744, -1.0102905663204367]
  start: [42.91026657225102, 3.0546933817659743, 2.3935969313457743]
  type: unicycle_first_order_0_sphere
- goal: [38.011226408175474, 12.907697054727032, -0.36378799703778375]
  start: [17.073459107416962, 39.664851479065085, 2.695161355947281]
  type: unicycle_first_order_0_sphere
