environment:
  max: [70.0, 70.0]
  min: [0.0, 0.0]
  obstacles:
  - center: [30.8, 30.8]
    size: [16.8, 16.8]
    type: box
  - center: [11.2, 53.2]
    size: [16.8, 16.8]
    type: box
  - center: [53.2, 16.8]
    size: [16.8, 16.8]
    type: box
  - center: [42.0, 56.0]
    size: [16.8, 16.8]
    type: box
  - center: [22.4, 8.4]
    size: [16.8, 16.8]
    type: box
robots:
- goal: [13.762381704770378, 19.978170470823326, 1.2944596396547041]
  start: [49.106974484497655, 46.17130860745096, -2.708095365401979]
  type: unicycle_first_order_0_sphere
- goal: [44.02845050780685, 28.02229604215364, 3.096717021652111]
  start: [4.954601207250902, 21.835818282686503, 0.04032799096548301]
  type: unicycle_first_order_0_sphere
- goal: [2.288637924790868, 18.492178900915604, -1.0486605329342709]
  start: [25.60930771837714, 55.35265346373258, -0.7304413711597388]
  type: unicycle_first_order_0_sphere
- goal: [42.741774857509455, 19.988591794569977, -2.8296353572037622]
  start: [42.23453049848929, 15.542522641137886, 0.8428527010554001]
  type: unicycle_first_order_0_sphere
