environment:
  max: [70.0, 70.0]
  min: [0.0, 0.0]
  obstacles:
  - center: [30.8, 30.8]
    size: [16.8, 16.8]
    type: box
  - center: [11.2, 53.2]
    size: [16.8, 16.8]
    type: box
  - center: [53.2, 16.8]
    size: [16.8, 16.8]
    type: box
  - center: [42.0, 56.0]
    size: [16.8, 16.8]
    type: box
  - center: [22.4, 8.4]
    size: [16.8, 16.8]
    type: box
robots:
- goal: [61.950620019500995, 2.790677469451584, 0.7719168038794253]
  start: [57.9460542194946, 56.30389860246201, -2.854853430300602]
  type: unicycle_first_order_0_sphere
- goal: [45.0721907659718, 66.26009889407497, 1.23309016846689]
  start: [38.554256917691745, 7.123887383450226, 2.990832902036929]
  type: unicycle_first_order_0_sphere
- goal: [60.351251684693594, 36.005304065661214, 1.3330891614186822]
  start: [45.58246138527701, 41.22294724169472, -0.20049521058703856]
  type: unicycle_first_order_0_sphere
- goal: [54.9745229293818, 66.47434994709492, -0.4065680480979177]
  start: [44.74840365988247, 31.672052073485666, 1.3443928769353395]
  type: unicycle_first_order_0_sphere
