environment:
  max: [70.0, 70.0]
  min: [0.0, 0.0]
  obstacles:
  - center: [30.8, 30.8]
    size: [16.8, 16.8]
    type: box
  - center: [11.2, 53.2]
    size: [16.8, 16.8]
    type: box
  - center: [53.2, 16.8]
    size: [16.8, 16.8]
    type: box
  - center: [42.0, 56.0]
    size: [16.8, 16.8]
    type: box
  - center: [22.4, 8.4]
    size: [16.8, 16.8]
    type: box
robots:
- goal: [46.73414703256147, 30.65719759407805, 2.0902787534896143]
  start: [9.427576018681089, 33.321210402212024, -1.715879165571594]
  type: unicycle_first_order_0_sphere
- goal: [39.75001664034496, 10.109972570621128, -2.421978978318367]
  start: [56.059217103029006, 27.224755990985052, -1.3299737473283346]
  type: unicycle_first_order_0_sphere
- goal: [19.893626938719958, 20.737328661677836, 1.0173514663217542]
  start: [53.31142104744737, 44.30903591204083, 0.3366493029818076]
  type: unicycle_first_order_0_sphere
- goal: [2.0194042535497587, 6.672307179596845, 1.3971250045816106]
  start: [28.53133212550887, 56.69880858042299, -2.092470856528834]
  type: unicycle_first_order_0_sphere
