environment:
  max: [70.0, 70.0]
  min: [0.0, 0.0]
  obstacles:
  - center: [30.8, 30.8]
    size: [16.8, 16.8]
    type: box
  - center: [11.2, 53.2]
    size: [16.8, 16.8]
    type: box
  - center: [53.2, 16.8]
    size: [16.8, 16.8]
    type: box
  - center: [42.0, 56.0]
    size: [16.8, 16.8]
    type: box
  - center: [22.4, 8.4]
    size: [16.8, 16.8]
    type: box
robots:
- goal: [7.6173995486693356, 67.2594628229582, -1.1262589501679572]
  start: [51.70851782980093, 52.5285152629649, -0.2187771306004107]
  type: unicycle_first_order_0_sphere
- goal: [4.699669584689542, 38.52882520993836, -2.4351567050383514]
  start: [62.79027042511475, 13.829071028352663, 0.6923866908818974]
  type: unicycle_first_order_0_sphere
- goal: [38.380035274090346, 20.563733461152413, -0.47065042394633094]
  start: [52.66110260045039, 66.38899996956464, 2.7967633658246376]
  type: unicycle_first_order_0_sphere
- goal: [60.212226817855665, 65.54257299327703, 2.9303852782139037]
  start: [46.64747585281972, 31.743648121757975, 0.9337746274342509]
  type: unicycle_first_order_0_sphere
