environment:
  max: [70.0, 70.0]
  min: [0.0, 0.0]
  obstacles:
  - center: [30.8, 30.8]
    size: [16.8, 16.8]
    type: box
  - center: [11.2, 53.2]
    size: [16.8, 16.8]
    type: box
  - center: [53.2, 16.8]
    size: [16.8, 16.8]
    type: box
  - center: [42.0, 56.0]
    size: [16.8, 16.8]
    type: box
  - center: [22.4, 8.4]
    size: [16.8, 16.8]
    type: box
robots:
- goal: [30.504875858757313, 67.76626595421455, 2.498682104261955]
  start: [56.07570203080577, 56.278708570791714, 0.0962933399642707]
  type: unicycle_first_order_0_sphere
- goal: [47.20923421152666, 4.651467465401674, 0.34932070497252754]
  start: [58.786364698764, 27.565162305533168, -0.0438376661931823]
  type: unicycle_first_order_0_sphere
- goal: [48.71717853099528, 31.44439736254199, 1.878292217355308]
  start: [62.3254733435161, 60.718706840481545, -3.0252455435944787]
  type: unicycle_first_order_0_sphere
- goal: [28.050285575095522, 65.15814647328241, 0.3528622764890854]
  start: [16.724187199856445, 22.54711961339358, 1.8841986320324606]
  type: unicycle_first_order_0_sphere
