environment:
  max: [70.0, 70.0]
  min: [0.0, 0.0]
  obstacles:
  - center: [30.8, 30.8]
    size: [11.2, 11.2]
    type: box
  - center: [11.2, 53.2]
    size: [11.2, 11.2]
    type: box
  - center: [53.2, 16.8]
    size: [11.2, 11.2]
    type: box
  - center: [42.0, 56.0]
    size: [11.2, 11.2]
    type: box
  - center: [22.4, 7.0]
    size: [11.2, 11.2]
    type: box
robots:
- goal: [41.47798896186859, 18.278792107284453, 0.0, 0.0]
  start: [4.495765666746329, 44.85057338901443, 0.0, 0.0]
  type: double_integrator_0
- goal: [60.181459683583476, 61.24463562023565, 0.0, 0.0]
  start: [13.485277646186857, 5.834217430236835, 0.0, 0.0]
  type: double_integrator_0
- goal: [15.150706251259258, 44.711397190641165, 0.0, 0.0]
  start: [50.32768403055589, 58.3891743900691, 0.0, 0.0]
  type: double_integrator_0
- goal: [62.511695595073284, 29.61336841409697, 0.0, 0.0]
  start: [67.31785983729446, 10.64158068035607, 0.0, 0.0]
  type: double_integrator_0
- goal: [58.089855976112936, 4.521439203182546, 0.0, 0.0]
  start: [57.77972547010344, 61.87076258968328, 0.0, 0.0]
  type: double_integrator_0
- goal: [7.532710198500514, 44.28124823874807, 0.0, 0.0]
  start: [11.616156473244859, 26.29774565581593, 0.0, 0.0]
  type: double_integrator_0
