environment:
  max: [70.0, 70.0]
  min: [0.0, 0.0]
  obstacles:
  - center: [30.8, 30.8]
    size: [11.2, 11.2]
    type: box
  - center: [11.2, 53.2]
    size: [11.2, 11.2]
    type: box
  - center: [53.2, 16.8]
    size: [11.2, 11.2]
    type: box
  - center: [42.0, 56.0]
    size: [11.2, 11.2]
    type: box
  - center: [22.4, 7.0]
    size: [11.2, 11.2]
    type: box
robots:
- goal: [59.229419303741004, 28.115434635086405, 0.0, 0.0]
  start: [26.66913333383965, 49.864073129474306, 0.0, 0.0]
  type: double_integrator_0
- goal: [44.16109659742061, 65.31678826480952, 0.0, 0.0]
  start: [33.570296297732085, 66.95905308601618, 0.0, 0.0]
  type: double_integrator_0
- goal: [9.893314108427322, 36.88932141602864, 0.0, 0.0]
  start: [5.271089832967245, 59.955313504501795, 0.0, 0.0]
  type: double_integrator_0
- goal: [60.39697674814892, 19.575133436691544, 0.0, 0.0]
  start: [34.42676629131287, 38.70845861466264, 0.0, 0.0]
  type: double_integrator_0
- goal: [60.00521670145182, 23.659636150684314, 0.0, 0.0]
  start: [23.964760333048336, 64.83950544471578, 0.0, 0.0]
  type: double_integrator_0
- goal: [35.094597147873685, 48.29707125310694, 0.0, 0.0]
  start: [27.959411540236648, 41.5555556024232, 0.0, 0.0]
  type: double_integrator_0
