environment:
  max: [70.0, 70.0]
  min: [0.0, 0.0]
  obstacles:
  - center: [30.8, 30.8]
    size: [11.2, 11.2]
    type: box
  - center: [11.2, 53.2]
    size: [11.2, 11.2]
    type: box
  - center: [53.2, 16.8]
    size: [11.2, 11.2]
    type: box
  - center: [42.0, 56.0]
    size: [11.2, 11.2]
    type: box
  - center: [22.4, 7.0]
    size: [11.2, 11.2]
    type: box
robots:
- goal: [8.721174529637144, 3.755527469269132, 0.0, 0.0]
  start: [37.66005529759443, 24.07597962598968, 0.0, 0.0]
  type: double_integrator_0
- goal: [59.385634487336254, 30.29488837235564, 0.0, 0.0]
  start: [54.879203865048076, 3.5014190440774904, 0.0, 0.0]
  type: double_integrator_0
- goal: [53.08482040451675, 37.77804714280719, 0.0, 0.0]
  start: [8.673083197124177, 13.137641411844715, 0.0, 0.0]
  type: double_integrator_0
- goal: [41.05340829907913, 22.394720317029684, 0.0, 0.0]
  start: [60.523169672486844, 9.884225997318188, 0.0, 0.0]
  type: double_integrator_0
- goal: [67.79309390421449, 19.386024609421604, 0.0, 0.0]
  start: [61.971425010615526, 31.803258400553055, 0.0, 0.0]
  type: double_integrator_0
- goal: [4.715123347479415, 60.55586199719071, 0.0, 0.0]
  start: [25.3713298435849, 21.899258913430465, 0.0, 0.0]
  type: double_integrator_0
