environment:
  max: [70.0, 70.0]
  min: [0.0, 0.0]
  obstacles:
  - center: [35.0, 9.8]
    size: [2.8, 19.6]
    type: box
  - center: [35.0, 60.2]
    size: [2.8, 19.6]
    type: box
  - center: [9.8, 35.0]
    size: [19.6, 2.8]
    type: box
  - center: [60.2, 35.0]
    size: [19.6, 2.8]
    type: box
robots:
- goal: [57.7232199890025, 28.703778858077932, 0.0, 0.0]
  start: [66.1097936894267, 21.952207911665926, 0.0, 0.0]
  type: unicycle_second_order_0
- goal: [23.1934298473666, 54.99992982276345, 0.0, 0.0]
  start: [2.2404845002251736, 52.57884816032294, 0.0, 0.0]
  type: unicycle_second_order_0
