environment:
  max: [70.0, 70.0]
  min: [0.0, 0.0]
  obstacles:
  - center: [35.0, 9.8]
    size: [2.8, 19.6]
    type: box
  - center: [35.0, 60.2]
    size: [2.8, 19.6]
    type: box
  - center: [9.8, 35.0]
    size: [19.6, 2.8]
    type: box
  - center: [60.2, 35.0]
    size: [19.6, 2.8]
    type: box
robots:
- goal: [11.037494683658778, 17.649188542866312, 0.0, 0.0]
  start: [42.34078287602272, 23.473064018444788, 0.0, 0.0]
  type: unicycle_second_order_0
- goal: [45.3372883318896, 58.40700294970896, 0.0, 0.0]
  start: [41.95960333115869, 18.495671129001966, 0.0, 0.0]
  type: unicycle_second_order_0
