environment:
  max: [70.0, 70.0]
  min: [0.0, 0.0]
  obstacles:
  - center: [35.0, 9.8]
    size: [2.8, 19.6]
    type: box
  - center: [35.0, 60.2]
    size: [2.8, 19.6]
    type: box
  - center: [9.8, 35.0]
    size: [19.6, 2.8]
    type: box
  - center: [60.2, 35.0]
    size: [19.6, 2.8]
    type: box
robots:
- goal: [40.69719634644688, 6.856481079121554, 0.0, 0.0]
  start: [6.26850594053947, 16.75018181062108, 0.0, 0.0]
  type: unicycle_second_order_0
- goal: [30.189678742472932, 41.01869826700465, 0.0, 0.0]
  start: [8.21163809877258, 27.45765580566861, 0.0, 0.0]
  type: unicycle_second_order_0
