environment:
  max: [70.0, 70.0]
  min: [0.0, 0.0]
  obstacles:
  - center: [35.0, 9.8]
    size: [2.8, 19.6]
    type: box
  - center: [35.0, 60.2]
    size: [2.8, 19.6]
    type: box
  - center: [9.8, 35.0]
    size: [19.6, 2.8]
    type: box
  - center: [60.2, 35.0]
    size: [19.6, 2.8]
    type: box
robots:
- goal: [55.93412646298055, 12.431438830439404, 0.0, 0.0]
  start: [5.934757856374725, 42.44415892192209, 0.0, 0.0]
  type: unicycle_second_order_0
- goal: [30.180543575207547, 55.03584943077249, 0.0, 0.0]
  start: [38.046939923585086, 62.889989007192476, 0.0, 0.0]
  type: unicycle_second_order_0
