environment:
  max: [70.0, 70.0]
  min: [0.0, 0.0]
  obstacles:
  - center: [35.0, 9.8]
    size: [2.8, 19.6]
    type: box
  - center: [35.0, 60.2]
    size: [2.8, 19.6]
    type: box
  - center: [9.8, 35.0]
    size: [19.6, 2.8]
    type: box
  - center: [60.2, 35.0]
    size: [19.6, 2.8]
    type: box
robots:
- goal: [47.251813342592854, 4.545628383107937, 0.0, 0.0]
  start: [58.86931852883638, 27.539233658153325, 0.0, 0.0]
  type: unicycle_second_order_0
- goal: [47.42462363615631, 60.662300550468636, 0.0, 0.0]
  start: [19.152229593758893, 61.32538555828245, 0.0, 0.0]
  type: unicycle_second_order_0
