environment:
  max: [70.0, 70.0]
  min: [0.0, 0.0]
  obstacles:
  - center: [35.0, 9.8]
    size: [2.8, 19.6]
    type: box
  - center: [35.0, 60.2]
    size: [2.8, 19.6]
    type: box
  - center: [9.8, 35.0]
    size: [19.6, 2.8]
    type: box
  - center: [60.2, 35.0]
    size: [19.6, 2.8]
    type: box
robots:
- goal: [47.08779270258585, 23.20949884954786, 0.0, 0.0]
  start: [37.646353646836715, 24.1322480472403, 0.0, 0.0]
  type: unicycle_second_order_0
- goal: [54.77680828366794, 3.6636647522822434, 0.0, 0.0]
  start: [8.856533854401471, 3.9164642930684663, 0.0, 0.0]
  type: unicycle_second_order_0
