environment:
  max: [70.0, 70.0]
  min: [0.0, 0.0]
  obstacles:
  - center: [35.0, 9.8]
    size: [2.8, 19.6]
    type: box
  - center: [35.0, 60.2]
    size: [2.8, 19.6]
    type: box
  - center: [9.8, 35.0]
    size: [19.6, 2.8]
    type: box
  - center: [60.2, 35.0]
    size: [19.6, 2.8]
    type: box
robots:
- goal: [41.80817973563851, 4.438075622122414, 0.0, 0.0]
  start: [51.764635152272405, 6.6739036929535045, 0.0, 0.0]
  type: unicycle_second_order_0
- goal: [42.28470391145035, 44.56881856327811, 0.0, 0.0]
  start: [22.72916629327699, 10.744505358111164, 0.0, 0.0]
  type: unicycle_second_order_0
