environment:
  max: [70.0, 70.0]
  min: [0.0, 0.0]
  obstacles:
  - center: [30.8, 30.8]
    size: [16.8, 16.8]
    type: box
  - center: [11.2, 53.2]
    size: [16.8, 16.8]
    type: box
  - center: [53.2, 16.8]
    size: [16.8, 16.8]
    type: box
  - center: [42.0, 56.0]
    size: [16.8, 16.8]
    type: box
  - center: [22.4, 8.4]
    size: [16.8, 16.8]
    type: box
robots:
- goal: [12.839036459891233, 24.62734652518066, -1.6930592803172302]
  start: [17.781970055293623, 65.87062835158623, -1.9520575950999757]
  type: unicycle_first_order_0_sphere
- goal: [65.86135240162166, 64.21623149316322, 2.3891812125742087]
  start: [7.83342303504043, 18.274687650384426, -0.5221575764625386]
  type: unicycle_first_order_0_sphere
