environment:
  max: [70.0, 70.0]
  min: [0.0, 0.0]
  obstacles:
  - center: [30.8, 30.8]
    size: [16.8, 16.8]
    type: box
  - center: [11.2, 53.2]
    size: [16.8, 16.8]
    type: box
  - center: [53.2, 16.8]
    size: [16.8, 16.8]
    type: box
  - center: [42.0, 56.0]
    size: [16.8, 16.8]
    type: box
  - center: [22.4, 8.4]
    size: [16.8, 16.8]
    type: box
robots:
- goal: [2.991315414812145, 39.66700108855752, 0.6870043425667967]
  start: [30.03616688736834, 42.69380879727956, 1.4852562284339381]
  type: unicycle_first_order_0_sphere
- goal: [14.488463551512504, 25.21029471141138, 2.2747332203708543]
  start: [64.00649949548095, 56.76126269465878, -0.6209919942165549]
  type: unicycle_first_order_0_sphere
