environment:
  max: [70.0, 70.0]
  min: [0.0, 0.0]
  obstacles:
  - center: [30.8, 30.8]
    size: [16.8, 16.8]
    type: box
  - center: [11.2, 53.2]
    size: [16.8, 16.8]
    type: box
  - center: [53.2, 16.8]
    size: [16.8, 16.8]
    type: box
  - center: [42.0, 56.0]
    size: [16.8, 16.8]
    type: box
  - center: [22.4, 8.4]
    size: [16.8, 16.8]
    type: box
robots:
- goal: [59.82130997483817, 34.840982648980216, -1.6753431921616952]
  start: [58.97743907981279, 65.4456615573779, 0.8463792877027871]
  type: unicycle_first_order_0_sphere
- goal: [31.499620852125553, 47.5262804370973, -2.3542124391567416]
  start: [11.50999740848724, 34.85333144734689, 1.5416008893957747]
  type: unicycle_first_order_0_sphere
