environment:
  max: [70.0, 70.0]
  min: [0.0, 0.0]
  obstacles:
  - center: [30.8, 30.8]
    size: [16.8, 16.8]
    type: box
  - center: [11.2, 53.2]
    size: [16.8, 16.8]
    type: box
  - center: [53.2, 16.8]
    size: [16.8, 16.8]
    type: box
  - center: [42.0, 56.0]
    size: [16.8, 16.8]
    type: box
  - center: [22.4, 8.4]
    size: [16.8, 16.8]
    type: box
robots:
- goal: [2.4128901796328774, 66.24981224326751, 2.78868920873552]
  start: [3.9082456514661614, 35.43687083128715, 0.12085097236726039]
  type: unicycle_first_order_0_sphere
- goal: [42.8562706722278, 16.442493808434968, -1.4571086513834752]
  start: [53.01920411789217, 67.58964659347062, 0.6830036997954023]
  type: unicycle_first_order_0_sphere
