environment:
  max: [70.0, 70.0]
  min: [0.0, 0.0]
  obstacles:
  - center: [30.8, 30.8]
    size: [16.8, 16.8]
    type: box
  - center: [11.2, 53.2]
    size: [16.8, 16.8]
    type: box
  - center: [53.2, 16.8]
    size: [16.8, 16.8]
    type: box
  - center: [42.0, 56.0]
    size: [16.8, 16.8]
    type: box
  - center: [22.4, 8.4]
    size: [16.8, 16.8]
    type: box
robots:
- goal: [41.329746151482226, 17.736954731710178, 0.9054747152836669]
  start: [16.743697412546013, 30.10129360780755, -2.5618241917330096]
  type: unicycle_first_order_0_sphere
- goal: [53.468613616743184, 42.67333831082079, 1.5314239907304872]
  start: [62.80019584371192, 27.470147465364036, -0.13182285283350703]
  type: unicycle_first_order_0_sphere
