environment:
  max: [70.0, 70.0]
  min: [0.0, 0.0]
  obstacles:
  - center: [30.8, 30.8]
    size: [16.8, 16.8]
    type: box
  - center: [11.2, 53.2]
    size: [16.8, 16.8]
    type: box
  - center: [53.2, 16.8]
    size: [16.8, 16.8]
    type: box
  - center: [42.0, 56.0]
    size: [16.8, 16.8]
    type: box
  - center: [22.4, 8.4]
    size: [16.8, 16.8]
    type: box
robots:
- goal: [3.9886741470458005, 12.648232620992097, 3.0075701653451405]
  start: [62.859172134216855, 5.126567929188847, 1.085299713252577]
  type: unicycle_first_order_0_sphere
- goal: [7.6186326518034, 20.13362552978026, -1.2426447939134642]
  start: [21.329147328706426, 41.23821129228262, 3.039996588573259]
  type: unicycle_first_order_0_sphere
