environment:
  max: [70.0, 70.0]
  min: [0.0, 0.0]
  obstacles:
  - center: [30.8, 30.8]
    size: [16.8, 16.8]
    type: box
  - center: [11.2, 53.2]
    size: [16.8, 16.8]
    type: box
  - center: [53.2, 16.8]
    size: [16.8, 16.8]
    type: box
  - center: [42.0, 56.0]
    size: [16.8, 16.8]
    type: box
  - center: [22.4, 8.4]
    size: [16.8, 16.8]
    type: box
robots:
- goal: [52.71541694041158, 37.975367360360316, -1.871858557389614]
  start: [18.018644146767212, 41.13478579534002, -0.8851542820655287]
  type: unicycle_first_order_0_sphere
- goal: [8.252662887009498, 24.136658689811735, -3.044603300137016]
  start: [36.1128752144986, 17.176062112606772, -2.830125261792298]
  type: unicycle_first_order_0_sphere
