environment:
  max: [70.0, 70.0]
  min: [0.0, 0.0]
  obstacles:
  - center: [30.8, 30.8]
    size: [16.8, 16.8]
    type: box
  - center: [11.2, 53.2]
    size: [16.8, 16.8]
    type: box
  - center: [53.2, 16.8]
    size: [16.8, 16.8]
    type: box
  - center: [42.0, 56.0]
    size: [16.8, 16.8]
    type: box
  - center: [22.4, 8.4]
    size: [16.8, 16.8]
    type: box
robots:
- goal: [11.496338077999702, 28.760192278701858, -1.0438464407207637]
  start: [40.215906801368, 7.481230715631488, 1.1218871048874002]
  type: unicycle_first_order_0_sphere
- goal: [57.916139835573155, 33.06389947714818, -2.4263502520528424]
  start: [66.79582928628635, 15.342073789236792, -2.6522725534093214]
  type: unicycle_first_order_0_sphere
