environment:
  max: [70.0, 70.0]
  min: [0.0, 0.0]
  obstacles:
  - center: [30.8, 30.8]
    size: [16.8, 16.8]
    type: box
  - center: [11.2, 53.2]
    size: [16.8, 16.8]
    type: box
  - center: [53.2, 16.8]
    size: [16.8, 16.8]
    type: box
  - center: [42.0, 56.0]
    size: [16.8, 16.8]
    type: box
  - center: [22.4, 8.4]
    size: [16.8, 16.8]
    type: box
robots:
- goal: [10.889212204531445, 16.28522318891929, 2.7668006907629037]
  start: [21.621311877936634, 40.471661305199774, 1.8302079334625123]
  type: unicycle_first_order_0_sphere
- goal: [54.1240172947971, 56.04514776498194, 1.7091628855173848]
  start: [19.61780189894642, 18.00485611117223, -0.5376909528486689]
  type: unicycle_first_order_0_sphere
