environment:
  max: [70.0, 70.0]
  min: [0.0, 0.0]
  obstacles:
  - center: [30.8, 30.8]
    size: [16.8, 16.8]
    type: box
  - center: [11.2, 53.2]
    size: [16.8, 16.8]
    type: box
  - center: [53.2, 16.8]
    size: [16.8, 16.8]
    type: box
  - center: [42.0, 56.0]
    size: [16.8, 16.8]
    type: box
  - center: [22.4, 8.4]
    size: [16.8, 16.8]
    type: box
robots:
- goal: [6.03576925118611, 42.41828799085655, -0.7760576782802868]
  start: [65.6151768950506, 35.78273389947238, 2.9923274543394056]
  type: unicycle_first_order_0_sphere
- goal: [25.998052272282827, 67.40326126975182, 2.6956522960000155]
  start: [30.197292791102445, 54.96621818231316, 3.0420230155941415]
  type: unicycle_first_order_0_sphere
