environment:
  max: [70.0, 70.0]
  min: [0.0, 0.0]
  obstacles:
  - center: [30.8, 30.8]
    size: [16.8, 16.8]
    type: box
  - center: [11.2, 53.2]
    size: [16.8, 16.8]
    type: box
  - center: [53.2, 16.8]
    size: [16.8, 16.8]
    type: box
  - center: [42.0, 56.0]
    size: [16.8, 16.8]
    type: box
  - center: [22.4, 8.4]
    size: [16.8, 16.8]
    type: box
robots:
- goal: [48.638130808002046, 6.957654739036582, 2.988423371570267]
  start: [53.93036295521706, 30.776500186866812, 2.2531371815723604]
  type: unicycle_first_order_0_sphere
- goal: [16.15219567532808, 38.77180878279418, -2.740617007691522]
  start: [53.04475340753339, 54.767043494637505, -2.3366309591134007]
  type: unicycle_first_order_0_sphere
