environment:
  max: [70.0, 70.0]
  min: [0.0, 0.0]
  obstacles:
  - center: [30.8, 30.8]
    size: [16.8, 16.8]
    type: box
  - center: [11.2, 53.2]
    size: [16.8, 16.8]
    type: box
  - center: [53.2, 16.8]
    size: [16.8, 16.8]
    type: box
  - center: [42.0, 56.0]
    size: [16.8, 16.8]
    type: box
  - center: [22.4, 8.4]
    size: [16.8, 16.8]
    type: box
robots:
- goal: [55.461429338189085, 41.54757079995396, -0.5744210724970666]
  start: [56.537970200363844, 35.70681389437001, 1.7551429253221373]
  type: unicycle_first_order_0_sphere
- goal: [50.48969705623225, 37.00517200240809, 2.915812181786989]
  start: [46.83520199051152, 43.8080270428829, 2.1368004607737046]
  type: unicycle_first_order_0_sphere
