environment:
  max: [70.0, 70.0]
  min: [0.0, 0.0]
  obstacles:
  - center: [30.8, 30.8]
    size: [16.8, 16.8]
    type: box
  - center: [11.2, 53.2]
    size: [16.8, 16.8]
    type: box
  - center: [53.2, 16.8]
    size: [16.8, 16.8]
    type: box
  - center: [42.0, 56.0]
    size: [16.8, 16.8]
    type: box
  - center: [22.4, 8.4]
    size: [16.8, 16.8]
    type: box
robots:
- goal: [52.171883359578985, 61.291961102589056, -0.005361807509573602]
  start: [63.02725551930056, 5.786371410931454, -1.4289863680202823]
  type: unicycle_first_order_0_sphere
- goal: [44.55608274192904, 33.5318725981121, 0.007166515313470789]
  start: [55.377943529628524, 4.262405183976198, 1.4473894285945796]
  type: unicycle_first_order_0_sphere
