environment:
  max: [70.0, 70.0]
  min: [0.0, 0.0]
  obstacles:
  - center: [30.8, 30.8]
    size: [16.8, 16.8]
    type: box
  - center: [11.2, 53.2]
    size: [16.8, 16.8]
    type: box
  - center: [53.2, 16.8]
    size: [16.8, 16.8]
    type: box
  - center: [42.0, 56.0]
    size: [16.8, 16.8]
    type: box
  - center: [22.4, 8.4]
    size: [16.8, 16.8]
    type: box
robots:
- goal: [26.772417116311882, 49.2076653270164, 2.4210160125393996]
  start: [53.10604423491054, 45.12202462900665, -0.22494697301530975]
  type: unicycle_first_order_0_sphere
- goal: [66.21825767024353, 5.442429316183425, -0.2272207465720002]
  start: [11.042333752893905, 17.78607621609348, -0.9490987145260279]
  type: unicycle_first_order_0_sphere
