environment:
  max: [70.0, 70.0]
  min: [0.0, 0.0]
  obstacles:
  - center: [30.8, 30.8]
    size: [16.8, 16.8]
    type: box
  - center: [11.2, 53.2]
    size: [16.8, 16.8]
    type: box
  - center: [53.2, 16.8]
    size: [16.8, 16.8]
    type: box
  - center: [42.0, 56.0]
    size: [16.8, 16.8]
    type: box
  - center: [22.4, 8.4]
    size: [16.8, 16.8]
    type: box
robots:
- goal: [61.815011662054154, 57.96079657590872, 0.6674411754084386]
  start: [9.008459978728043, 64.18974738448361, -2.654427795574986]
  type: unicycle_first_order_0_sphere
- goal: [18.921787359156816, 33.109168895899906, 2.9511264151283516]
  start: [42.066791297983876, 4.0911672166874755, -1.645325610280728]
  type: unicycle_first_order_0_sphere
