environment:
  max: [70.0, 70.0]
  min: [0.0, 0.0]
  obstacles:
  - center: [30.8, 30.8]
    size: [16.8, 16.8]
    type: box
  - center: [11.2, 53.2]
    size: [16.8, 16.8]
    type: box
  - center: [53.2, 16.8]
    size: [16.8, 16.8]
    type: box
  - center: [42.0, 56.0]
    size: [16.8, 16.8]
    type: box
  - center: [22.4, 8.4]
    size: [16.8, 16.8]
    type: box
robots:
- goal: [33.54651288264374, 17.127433225351542, -1.525901406082292]
  start: [54.938731465164, 60.559848958208526, -0.6843343432815585]
  type: unicycle_first_order_0_sphere
- goal: [42.20521565763929, 45.14788966985898, 2.5846283656487428]
  start: [29.678207400766038, 18.13410690643342, 0.5711594625931578]
  type: unicycle_first_order_0_sphere
