environment:
  max: [70.0, 70.0]
  min: [0.0, 0.0]
  obstacles:
  - center: [30.8, 30.8]
    size: [16.8, 16.8]
    type: box
  - center: [11.2, 53.2]
    size: [16.8, 16.8]
    type: box
  - center: [53.2, 16.8]
    size: [16.8, 16.8]
    type: box
  - center: [42.0, 56.0]
    size: [16.8, 16.8]
    type: box
  - center: [22.4, 8.4]
    size: [16.8, 16.8]
    type: box
robots:
- goal: [59.90320115853733, 63.90022016726948, -2.974536991031794]
  start: [54.177605129784354, 49.93075690560636, 2.6099102699604435]
  type: unicycle_first_order_0_sphere
- goal: [26.02608976917451, 42.320380996490066, -0.13992718446988928]
  start: [21.123412157998846, 51.63572016671423, -1.3838890327430173]
  type: unicycle_first_order_0_sphere
