environment:
  max: [70.0, 70.0]
  min: [0.0, 0.0]
  obstacles:
  - center: [35.0, 9.8]
    size: [2.8, 19.6]
    type: box
  - center: [35.0, 60.2]
    size: [2.8, 19.6]
    type: box
  - center: [9.8, 35.0]
    size: [19.6, 2.8]
    type: box
  - center: [60.2, 35.0]
    size: [19.6, 2.8]
    type: box
robots:
- goal: [48.17584264074483, 58.81981638456583, 0.0, 0.0]
  start: [66.78331916113957, 14.625422162516536, 0.0, 0.0]
  type: double_integrator_0
- goal: [40.28051019173259, 52.655139970180834, 0.0, 0.0]
  start: [66.84774244069962, 57.67570357502043, 0.0, 0.0]
  type: double_integrator_0
- goal: [9.862792152587216, 63.33505430107099, 0.0, 0.0]
  start: [65.21066141835522, 10.256130237055041, 0.0, 0.0]
  type: double_integrator_0
- goal: [36.24304468909581, 22.62647674599447, 0.0, 0.0]
  start: [59.620810568420744, 21.500355227589026, 0.0, 0.0]
  type: double_integrator_0
