environment:
  max: [70.0, 70.0]
  min: [0.0, 0.0]
  obstacles:
  - center: [35.0, 9.8]
    size: [2.8, 19.6]
    type: box
  - center: [35.0, 60.2]
    size: [2.8, 19.6]
    type: box
  - center: [9.8, 35.0]
    size: [19.6, 2.8]
    type: box
  - center: [60.2, 35.0]
    size: [19.6, 2.8]
    type: box
robots:
- goal: [40.726693913686425, 6.710766364155822, 0.0, 0.0]
  start: [6.119746949910617, 16.655692309748144, 0.0, 0.0]
  type: double_integrator_0
- goal: [30.164773022868186, 41.0498604292384, 0.0, 0.0]
  start: [8.072939788521817, 27.41860487754764, 0.0, 0.0]
  type: double_integrator_0
- goal: [48.67625496790983, 20.552636206170348, 0.0, 0.0]
  start: [66.80182766207606, 19.95882111329076, 0.0, 0.0]
  type: double_integrator_0
- goal: [54.047407572522495, 2.265116734074242, 0.0, 0.0]
  start: [62.30226161002744, 40.93585691039628, 0.0, 0.0]
  type: double_integrator_0
