environment:
  max: [70.0, 70.0]
  min: [0.0, 0.0]
  obstacles:
  - center: [35.0, 9.8]
    size: [2.8, 19.6]
    type: box
  - center: [35.0, 60.2]
    size: [2.8, 19.6]
    type: box
  - center: [9.8, 35.0]
    size: [19.6, 2.8]
    type: box
  - center: [60.2, 35.0]
    size: [19.6, 2.8]
    type: box
robots:
- goal: [47.15037795616319, 23.148452840366442, 0.0, 0.0]
  start: [37.66005529759443, 24.07597962598968, 0.0, 0.0]
  type: double_integrator_0
- goal: [54.879203865048076, 3.5014190440774904, 0.0, 0.0]
  start: [8.721174529637144, 3.755527469269132, 0.0, 0.0]
  type: double_integrator_0
- goal: [8.673083197124177, 13.137641411844715, 0.0, 0.0]
  start: [59.385634487336254, 30.29488837235564, 0.0, 0.0]
  type: double_integrator_0
- goal: [60.523169672486844, 9.884225997318188, 0.0, 0.0]
  start: [53.08482040451675, 37.77804714280719, 0.0, 0.0]
  type: double_integrator_0
