environment:
  max: [70.0, 70.0]
  min: [0.0, 0.0]
  obstacles:
  - center: [35.0, 9.8]
    size: [2.8, 19.6]
    type: box
  - center: [35.0, 60.2]
    size: [2.8, 19.6]
    type: box
  - center: [9.8, 35.0]
    size: [19.6, 2.8]
    type: box
  - center: [60.2, 35.0]
    size: [19.6, 2.8]
    type: box
robots:
- goal: [30.67036655665907, 26.130598545327903, 0.0, 0.0]
  start: [55.111860826656006, 60.78178686522625, 0.0, 0.0]
  type: double_integrator_0
- goal: [29.63199791365257, 17.987659209528353, 0.0, 0.0]
  start: [13.025789511358717, 13.662359058630454, 0.0, 0.0]
  type: double_integrator_0
- goal: [10.619366003749198, 26.03568285243501, 0.0, 0.0]
  start: [42.26777903527436, 45.23600448609509, 0.0, 0.0]
  type: double_integrator_0
- goal: [42.48094752973179, 15.697280983312082, 0.0, 0.0]
  start: [27.563756493016793, 43.135937725167956, 0.0, 0.0]
  type: double_integrator_0
