environment:
  max: [50.0, 50.0]
  min: [0.0, 0.0]
  obstacles:
  - center: [22, 22]
    size: [4, 4]
    type: box
  - center: [8, 38]
    size: [4, 4]
    type: box
  - center: [38, 12]
    size: [4, 4]
    type: box
  - center: [30, 40]
    size: [4, 4]
    type: box
  - center: [16, 5]
    size: [4, 4]
    type: box
robots:
- goal: [20.506034386121932, 2.6730120206100576, -2.835238921937138]
  start: [39.975643555898166, 40.11989277606184, 0.0962933399642707]
  type: unicycle_first_order_0_sphere
- goal: [33.675447174905344, 3.4354132062405522, 0.34932070497252754]
  start: [41.90174394658918, 19.717069018837606, -0.0438376661931823]
  type: unicycle_first_order_0_sphere
