environment:
  max: [50.0, 50.0]
  min: [0.0, 0.0]
  obstacles:
  - center: [22, 22]
    size: [4, 4]
    type: box
  - center: [8, 38]
    size: [4, 4]
    type: box
  - center: [38, 12]
    size: [4, 4]
    type: box
  - center: [30, 40]
    size: [4, 4]
    type: box
  - center: [16, 5]
    size: [4, 4]
    type: box
robots:
- goal: [11.507673028538058, 15.188164589141167, 2.3471055195601043]
  start: [31.142187410289143, 44.503197627606156, 1.7321842783482628]
  type: unicycle_first_order_0_sphere
- goal: [23.425606184626687, 15.328892156828292, -1.3921929384957314]
  start: [0.7085264541697189, 40.77231534259382, 1.8665422699470895]
  type: unicycle_first_order_0_sphere
