environment:
  max: [50.0, 50.0]
  min: [0.0, 0.0]
  obstacles:
  - center: [22, 22]
    size: [4, 4]
    type: box
  - center: [8, 38]
    size: [4, 4]
    type: box
  - center: [38, 12]
    size: [4, 4]
    type: box
  - center: [30, 40]
    size: [4, 4]
    type: box
  - center: [16, 5]
    size: [4, 4]
    type: box
robots:
- goal: [2.2019016877835704, 25.731041075324278, -0.21233380514734268]
  start: [8.316410862420167, 30.525694569805808, -2.8654968747988607]
  type: unicycle_first_order_0_sphere
- goal: [24.846485677821054, 12.602982671541941, -3.0674886055886197]
  start: [45.48293766376904, 31.34500909550861, 0.08870378968601944]
  type: unicycle_first_order_0_sphere
