environment:
  max: [50.0, 50.0]
  min: [0.0, 0.0]
  obstacles:
  - center: [22, 22]
    size: [4, 4]
    type: box
  - center: [8, 38]
    size: [4, 4]
    type: box
  - center: [38, 12]
    size: [4, 4]
    type: box
  - center: [30, 40]
    size: [4, 4]
    type: box
  - center: [16, 5]
    size: [4, 4]
    type: box
robots:
- goal: [11.551427873531713, 18.963467813950334, 0.7754810434604775]
  start: [6.662053795479985, 47.722575819432684, -2.3073456321022667]
  type: unicycle_first_order_0_sphere
- goal: [37.90307366552541, 16.20933818026345, -1.9519844909396924]
  start: [38.85092001586276, 4.311660684071706, 2.709544829493864]
  type: unicycle_first_order_0_sphere
