environment:
  max: [70.0, 70.0]
  min: [0.0, 0.0]
  obstacles:
  - center: [30.8, 30.8]
    size: [16.8, 16.8]
    type: box
  - center: [11.2, 53.2]
    size: [16.8, 16.8]
    type: box
  - center: [53.2, 16.8]
    size: [16.8, 16.8]
    type: box
  - center: [42.0, 56.0]
    size: [16.8, 16.8]
    type: box
  - center: [22.4, 8.4]
    size: [16.8, 16.8]
    type: box
robots:
- goal: [66.1097936894267, 21.952207911665926, 0.0, 0.0]
  start: [35.81972307743938, 66.23559551158772, 0.0, 0.0]
  type: unicycle_second_order_0
- goal: [23.1934298473666, 54.99992982276345, 0.0, 0.0]
  start: [57.7232199890025, 28.703778858077932, 0.0, 0.0]
  type: unicycle_second_order_0
- goal: [19.773327419325895, 33.97312760973414, 0.0, 0.0]
  start: [14.437294883317719, 18.518573378914496, 0.0, 0.0]
  type: unicycle_second_order_0
- goal: [36.11421151739989, 8.363743962459496, 0.0, 0.0]
  start: [67.01176362026519, 50.587155463013055, 0.0, 0.0]
  type: unicycle_second_order_0
