environment:
  max: [70.0, 70.0]
  min: [0.0, 0.0]
  obstacles:
  - center: [30.8, 30.8]
    size: [16.8, 16.8]
    type: box
  - center: [11.2, 53.2]
    size: [16.8, 16.8]
    type: box
  - center: [53.2, 16.8]
    size: [16.8, 16.8]
    type: box
  - center: [42.0, 56.0]
    size: [16.8, 16.8]
    type: box
  - center: [22.4, 8.4]
    size: [16.8, 16.8]
    type: box
robots:
- goal: [30.48919932436926, 67.88053676829206, 0.0, 0.0]
  start: [56.14920255209436, 56.35291706785697, 0.0, 0.0]
  type: unicycle_second_order_0
- goal: [47.251813342592854, 4.545628383107937, 0.0, 0.0]
  start: [58.86931852883638, 27.539233658153325, 0.0, 0.0]
  type: unicycle_second_order_0
- goal: [48.765016547074794, 31.431997365286087, 0.0, 0.0]
  start: [62.42076964881925, 60.80839962304608, 0.0, 0.0]
  type: unicycle_second_order_0
- goal: [28.02604877234083, 65.26332159312629, 0.0, 0.0]
  start: [16.660451160799724, 22.503690777731443, 0.0, 0.0]
  type: unicycle_second_order_0
