environment:
  max: [70.0, 70.0]
  min: [0.0, 0.0]
  obstacles:
  - center: [30.8, 30.8]
    size: [16.8, 16.8]
    type: box
  - center: [11.2, 53.2]
    size: [16.8, 16.8]
    type: box
  - center: [53.2, 16.8]
    size: [16.8, 16.8]
    type: box
  - center: [42.0, 56.0]
    size: [16.8, 16.8]
    type: box
  - center: [22.4, 8.4]
    size: [16.8, 16.8]
    type: box
robots:
- goal: [32.77657811006188, 21.342074855418808, 0.0, 0.0]
  start: [15.945596431069676, 21.143333758078363, 0.0, 0.0]
  type: unicycle_second_order_0
- goal: [11.438768414220897, 42.803606787355996, 0.0, 0.0]
  start: [18.002416243362788, 31.191537059602442, 0.0, 0.0]
  type: unicycle_second_order_0
- goal: [63.92682347146001, 43.960675516541734, 0.0, 0.0]
  start: [2.8036141012633675, 36.032405433410894, 0.0, 0.0]
  type: unicycle_second_order_0
- goal: [11.039991694099248, 18.885107327262, 0.0, 0.0]
  start: [34.78320093675499, 17.49243649912323, 0.0, 0.0]
  type: unicycle_second_order_0
