environment:
  max: [70.0, 70.0]
  min: [0.0, 0.0]
  obstacles:
  - center: [30.8, 30.8]
    size: [11.2, 11.2]
    type: box
  - center: [11.2, 53.2]
    size: [11.2, 11.2]
    type: box
  - center: [53.2, 16.8]
    size: [11.2, 11.2]
    type: box
  - center: [42.0, 56.0]
    size: [11.2, 11.2]
    type: box
  - center: [22.4, 7.0]
    size: [11.2, 11.2]
    type: box
robots:
- goal: [41.444621556894646, 18.364921200540717, 0.0, 0.0]
  start: [4.652889605426872, 44.7998341745095, 0.0, 0.0]
  type: unicycle_second_order_0
- goal: [60.05175276866851, 61.10945240360951, 0.0, 0.0]
  start: [13.596097602489262, 5.9844471518550515, 0.0, 0.0]
  type: unicycle_second_order_0
- goal: [15.252947768936997, 44.66137485734755, 0.0, 0.0]
  start: [50.248732824653764, 58.268699338556424, 0.0, 0.0]
  type: unicycle_second_order_0
- goal: [62.3699858925955, 29.641114357881424, 0.0, 0.0]
  start: [67.15139411414646, 10.767048205346933, 0.0, 0.0]
  type: unicycle_second_order_0
- goal: [57.97092268065965, 4.678430900315223, 0.0, 0.0]
  start: [2.0277161490510154, 47.02787908722958, 0.0, 0.0]
  type: unicycle_second_order_0
- goal: [7.674191171644847, 44.233441555150904, 0.0, 0.0]
  start: [11.736604066069964, 26.342570005872393, 0.0, 0.0]
  type: unicycle_second_order_0
