environment:
  max: [70.0, 70.0]
  min: [0.0, 0.0]
  obstacles:
  - center: [30.8, 30.8]
    size: [11.2, 11.2]
    type: box
  - center: [11.2, 53.2]
    size: [11.2, 11.2]
    type: box
  - center: [53.2, 16.8]
    size: [11.2, 11.2]
    type: box
  - center: [42.0, 56.0]
    size: [11.2, 11.2]
    type: box
  - center: [22.4, 7.0]
    size: [11.2, 11.2]
    type: box
robots:
- goal: [23.837861239220945, 36.582950902621555, 0.0, 0.0]
  start: [57.83787752235267, 34.86520493705302, 0.0, 0.0]
  type: unicycle_second_order_0
- goal: [31.97885642298234, 62.57927673434466, 0.0, 0.0]
  start: [7.312395253355905, 3.0063568139843158, 0.0, 0.0]
  type: unicycle_second_order_0
- goal: [53.43661037248225, 28.56476558850829, 0.0, 0.0]
  start: [27.032383672770667, 67.84535152025525, 0.0, 0.0]
  type: unicycle_second_order_0
- goal: [7.222773136324907, 31.573483119479665, 0.0, 0.0]
  start: [12.24069558073396, 12.894526350783778, 0.0, 0.0]
  type: unicycle_second_order_0
- goal: [52.36274599441029, 40.163580164191146, 0.0, 0.0]
  start: [43.33980702577019, 35.27836815598549, 0.0, 0.0]
  type: unicycle_second_order_0
- goal: [48.107327504620834, 38.82045787512325, 0.0, 0.0]
  start: [35.45428686818111, 67.22704069088952, 0.0, 0.0]
  type: unicycle_second_order_0
