environment:
  max: [70.0, 70.0]
  min: [0.0, 0.0]
  obstacles:
  - center: [35.0, 9.8]
    size: [2.8, 19.6]
    type: box
  - center: [35.0, 60.2]
    size: [2.8, 19.6]
    type: box
  - center: [9.8, 35.0]
    size: [19.6, 2.8]
    type: box
  - center: [60.2, 35.0]
    size: [19.6, 2.8]
    type: box
robots:
- goal: [10.913427411124314, 17.559353701920934, 0.0, 0.0]
  start: [42.37879020863141, 23.413382633337875, 0.0, 0.0]
  type: double_integrator_0
- goal: [45.39081024672315, 58.52819407625598, 0.0, 0.0]
  start: [41.99563708438355, 18.410219001146196, 0.0, 0.0]
  type: double_integrator_0
