environment:
  max: [70.0, 70.0]
  min: [0.0, 0.0]
  obstacles:
  - center: [35.0, 9.8]
    size: [2.8, 19.6]
    type: box
  - center: [35.0, 60.2]
    size: [2.8, 19.6]
    type: box
  - center: [9.8, 35.0]
    size: [19.6, 2.8]
    type: box
  - center: [60.2, 35.0]
    size: [19.6, 2.8]
    type: box
robots:
- goal: [56.04251412691075, 12.314588785238781, 0.0, 0.0]
  start: [5.784270865523472, 42.48270149005356, 0.0, 0.0]
  type: double_integrator_0
- goal: [30.155590557740087, 55.13958621283975, 0.0, 0.0]
  start: [38.06271563321582, 63.03439105620438, 0.0, 0.0]
  type: double_integrator_0
