environment:
  max: [70.0, 70.0]
  min: [0.0, 0.0]
  obstacles:
  - center: [35.0, 9.8]
    size: [2.8, 19.6]
    type: box
  - center: [35.0, 60.2]
    size: [2.8, 19.6]
    type: box
  - center: [9.8, 35.0]
    size: [19.6, 2.8]
    type: box
  - center: [60.2, 35.0]
    size: [19.6, 2.8]
    type: box
robots:
- goal: [20.070356192143464, 3.908969956001452, 0.0, 0.0]
  start: [56.25870378505299, 56.4634730446336, 0.0, 0.0]
  type: double_integrator_0
- goal: [58.99290332132924, 27.50060510413403, 0.0, 0.0]
  start: [28.6205824177739, 3.3056810150004274, 0.0, 0.0]
  type: double_integrator_0
