environment:
  max: [70.0, 70.0]
  min: [0.0, 0.0]
  obstacles:
  - center: [35.0, 9.8]
    size: [2.8, 19.6]
    type: box
  - center: [35.0, 60.2]
    size: [2.8, 19.6]
    type: box
  - center: [9.8, 35.0]
    size: [19.6, 2.8]
    type: box
  - center: [60.2, 35.0]
    size: [19.6, 2.8]
    type: box
robots:
- goal: [41.84342948434274, 4.279839471481602, 0.0, 0.0]
  start: [51.85143503112143, 6.527243672894282, 0.0, 0.0]
  type: double_integrator_0
- goal: [42.322420891940624, 44.61836168094675, 0.0, 0.0]
  start: [22.665633334196997, 10.618921116210494, 0.0, 0.0]
  type: double_integrator_0
