environment:
  max: [50.0, 50.0]
  min: [0.0, 0.0]
  obstacles:
  - center: [25, 7]
    size: [2, 14]
    type: box
  - center: [25, 43]
    size: [2, 14]
    type: box
  - center: [7, 25]
    size: [14, 2]
    type: box
  - center: [43, 25]
    size: [14, 2]
    type: box
robots:
- goal: [41.09019735658369, 20.541677595725815, 0.3116063297162208]
  start: [47.02868785443867, 15.760924293714833, -0.4817541292647971]
  type: unicycle_first_order_0_sphere
- goal: [22.716746373499987, 7.031447334835788, -0.608759060011907]
  start: [16.639827280105422, 39.16184933833465, -1.2365633569717065]
  type: unicycle_first_order_0_sphere
