environment:
  max: [50.0, 50.0]
  min: [0.0, 0.0]
  obstacles:
  - center: [25, 7]
    size: [2, 14]
    type: box
  - center: [25, 43]
    size: [2, 14]
    type: box
  - center: [7, 25]
    size: [14, 2]
    type: box
  - center: [43, 25]
    size: [14, 2]
    type: box
robots:
- goal: [34.28169115725354, 41.7798132637329, -0.46804077302212743]
  start: [47.38968394278269, 10.64717687488611, 2.063680077375216]
  type: unicycle_first_order_0_sphere
- goal: [28.719842904075612, 37.43712155718622, 2.055254651034791]
  start: [47.43506676956028, 40.973845703493595, -1.0165231716052343]
  type: unicycle_first_order_0_sphere
