environment:
  max: [50.0, 50.0]
  min: [0.0, 0.0]
  obstacles:
  - center: [25, 7]
    size: [2, 14]
    type: box
  - center: [25, 43]
    size: [2, 14]
    type: box
  - center: [7, 25]
    size: [14, 2]
    type: box
  - center: [43, 25]
    size: [14, 2]
    type: box
robots:
- goal: [8.032270959629896, 12.713978002357502, 2.32411409203002]
  start: [30.19797129474609, 16.837834824919508, 1.1224833488520174]
  type: unicycle_first_order_0_sphere
- goal: [32.31978168025978, 41.57438061899812, 1.7343598737684003]
  start: [29.92805998340362, 13.313368048153205, -2.202791145585629]
  type: unicycle_first_order_0_sphere
