environment:
  max: [50.0, 50.0]
  min: [0.0, 0.0]
  obstacles:
  - center: [25, 7]
    size: [2, 14]
    type: box
  - center: [25, 43]
    size: [2, 14]
    type: box
  - center: [7, 25]
    size: [14, 2]
    type: box
  - center: [43, 25]
    size: [14, 2]
    type: box
robots:
- goal: [29.034155970760455, 5.071716334003599, -0.4201758265523301]
  start: [4.655374106751956, 12.077395873868493, 1.8929632932132208]
  type: unicycle_first_order_0_sphere
- goal: [21.593835802336127, 29.261809857612707, 1.494378890606205]
  start: [6.031296178140907, 19.659304153337004, 0.10518166948605545]
  type: unicycle_first_order_0_sphere
