environment:
  max: [50.0, 50.0]
  min: [0.0, 0.0]
  obstacles:
  - center: [25, 7]
    size: [2, 14]
    type: box
  - center: [25, 43]
    size: [2, 14]
    type: box
  - center: [7, 25]
    size: [14, 2]
    type: box
  - center: [43, 25]
    size: [14, 2]
    type: box
robots:
- goal: [39.82334926300313, 9.019315772671796, 2.3350532944055393]
  start: [4.419048773274067, 30.27117135095595, -0.7760576782802868]
  type: unicycle_first_order_0_sphere
- goal: [21.587367236514183, 39.187283831426576, 3.0420230155941415]
  start: [27.157522777487756, 44.74876041405503, -0.1435486433343276]
  type: unicycle_first_order_0_sphere
