environment:
  max: [50.0, 50.0]
  min: [0.0, 0.0]
  obstacles:
  - center: [25, 7]
    size: [2, 14]
    type: box
  - center: [25, 43]
    size: [2, 14]
    type: box
  - center: [7, 25]
    size: [14, 2]
    type: box
  - center: [43, 25]
    size: [14, 2]
    type: box
robots:
- goal: [14.48284776232775, 3.0979974869393305, -0.7328149346083426]
  start: [39.975643555898166, 40.11989277606184, 0.0962933399642707]
  type: unicycle_first_order_0_sphere
- goal: [49.509547249695004, 32.481323378970195, -1.6681216000742336]
  start: [20.506034386121932, 2.6730120206100576, -2.835238921937138]
  type: unicycle_first_order_0_sphere
