environment:
  max: [50.0, 50.0]
  min: [0.0, 0.0]
  obstacles:
  - center: [25, 7]
    size: [2, 14]
    type: box
  - center: [25, 43]
    size: [2, 14]
    type: box
  - center: [7, 25]
    size: [14, 2]
    type: box
  - center: [43, 25]
    size: [14, 2]
    type: box
robots:
- goal: [33.55930498777063, 16.651205659426, 1.1304560051279005]
  start: [26.873869657272408, 17.304599707834914, -0.8226747951461473]
  type: unicycle_first_order_0_sphere
- goal: [39.00385810292484, 2.810899211825033, -1.8382133040260147]
  start: [6.48794360696103, 2.989905290403363, 2.200317124970402]
  type: unicycle_first_order_0_sphere
