environment:
  max: [50.0, 50.0]
  min: [0.0, 0.0]
  obstacles:
  - center: [25, 7]
    size: [2, 14]
    type: box
  - center: [25, 43]
    size: [2, 14]
    type: box
  - center: [7, 25]
    size: [14, 2]
    type: box
  - center: [43, 25]
    size: [14, 2]
    type: box
robots:
- goal: [29.820837699874158, 3.3592556391642274, -0.7060302162553027]
  start: [36.870953515467185, 4.942434208595541, 0.25851425395397554]
  type: unicycle_first_order_0_sphere
- goal: [30.158262063045694, 31.775632116707108, 1.1086695793727674]
  start: [16.311084601277944, 7.824806697359186, 1.9876109260170667]
  type: unicycle_first_order_0_sphere
