environment:
  max: [70.0, 70.0]
  min: [0.0, 0.0]
  obstacles:
  - center: [30.8, 30.8]
    size: [11.2, 11.2]
    type: box
  - center: [11.2, 53.2]
    size: [11.2, 11.2]
    type: box
  - center: [53.2, 16.8]
    size: [11.2, 11.2]
    type: box
  - center: [42.0, 56.0]
    size: [11.2, 11.2]
    type: box
  - center: [22.4, 7.0]
    size: [11.2, 11.2]
    type: box
robots:
- goal: [41.42222435100602, 18.42273363864212, 2.135538579126397]
  start: [4.758355919256404, 44.76577648753081, 2.2156574695706945]
  type: unicycle_first_order_0_sphere
- goal: [59.96468958587688, 61.01871336238571, -0.17649643859940056]
  start: [13.670483290552538, 6.085285859818728, 2.23195690555438]
  type: unicycle_first_order_0_sphere
- goal: [15.321575350961474, 44.62779836260122, 1.916716045500845]
  start: [50.195738400450686, 58.18783286016894, -1.370502030273198]
  type: unicycle_first_order_0_sphere
- goal: [62.27486607775558, 29.659738269929715, 0.5623580414487663]
  start: [67.03965731358748, 10.851265782103363, -0.11176286111574285]
  type: unicycle_first_order_0_sphere
- goal: [57.891091075314264, 4.783808449640086, 2.045100246780401]
  start: [2.142305814791397, 46.986078202268075, 2.6332114572894074]
  type: unicycle_first_order_0_sphere
- goal: [7.769157456476119, 44.20135227112614, -0.7513164705442117]
  start: [11.817452113360398, 26.37265745791795, -1.1514680592560744]
  type: unicycle_first_order_0_sphere
