environment:
  max: [70.0, 70.0]
  min: [0.0, 0.0]
  obstacles:
  - center: [30.8, 30.8]
    size: [11.2, 11.2]
    type: box
  - center: [11.2, 53.2]
    size: [11.2, 11.2]
    type: box
  - center: [53.2, 16.8]
    size: [11.2, 11.2]
    type: box
  - center: [42.0, 56.0]
    size: [11.2, 11.2]
    type: box
  - center: [22.4, 7.0]
    size: [11.2, 11.2]
    type: box
robots:
- goal: [23.87665338826732, 36.57744962113208, -1.7830210200705752]
  start: [57.758508293234776, 34.86567339478183, 1.2096270972797516]
  type: unicycle_first_order_0_sphere
- goal: [31.98935590291552, 62.483429564138426, 2.1060181869358994]
  start: [7.408618899476749, 3.117545377538947, 1.2688859828210601]
  type: unicycle_first_order_0_sphere
- goal: [53.3725370122771, 28.58713017094084, -1.909020745000034]
  start: [27.060073792624422, 67.7312029866309, 0.5784426753569849]
  type: unicycle_first_order_0_sphere
- goal: [7.319308249145478, 31.585391406626762, -0.07226559661040355]
  start: [12.319791742154763, 12.971350232561187, 0.6522293008675311]
  type: unicycle_first_order_0_sphere
- goal: [52.30240467050235, 40.14563500371293, 0.7368425662881917]
  start: [43.31082341930416, 35.27740073395033, 2.747908014873582]
  type: unicycle_first_order_0_sphere
- goal: [48.06177517696607, 38.80718051184248, -2.8776247977850966]
  start: [35.452708070042334, 67.11504099328701, -1.7176591020677154]
  type: unicycle_first_order_0_sphere
