environment:
  max: [70.0, 70.0]
  min: [0.0, 0.0]
  obstacles:
  - center: [30.8, 30.8]
    size: [11.2, 11.2]
    type: box
  - center: [11.2, 53.2]
    size: [11.2, 11.2]
    type: box
  - center: [53.2, 16.8]
    size: [11.2, 11.2]
    type: box
  - center: [42.0, 56.0]
    size: [11.2, 11.2]
    type: box
  - center: [22.4, 7.0]
    size: [11.2, 11.2]
    type: box
robots:
- goal: [11.155889498508133, 66.57561609831777, 3.0599380895491057]
  start: [50.5009043000752, 56.2952036524756, 2.3388668535882084]
  type: unicycle_first_order_0_sphere
- goal: [14.25124185106061, 66.35463275818412, -0.629998203096136]
  start: [18.62213254994889, 66.60192732236175, -1.8333197314667593]
  type: unicycle_first_order_0_sphere
- goal: [32.29847277148409, 9.085636562359486, 0.5481793191692401]
  start: [13.293485482463181, 21.219695670266027, -2.4327795848015734]
  type: unicycle_first_order_0_sphere
- goal: [8.608664637296483, 40.28114316406486, -2.0509743046798095]
  start: [67.28182338592144, 13.22455183927155, 2.9064416361562246]
  type: unicycle_first_order_0_sphere
- goal: [60.712419730902, 61.62246246030584, 1.7846347853198683]
  start: [49.33849474798914, 31.445638837213718, -1.5103999414460871]
  type: unicycle_first_order_0_sphere
- goal: [38.7685953351401, 5.878623882504078, 0.5670467549838758]
  start: [56.204482398363645, 3.3340295479527864, -1.7654316361625058]
  type: unicycle_first_order_0_sphere
