environment:
  max: [70.0, 70.0]
  min: [0.0, 0.0]
  obstacles:
  - center: [30.8, 30.8]
    size: [11.2, 11.2]
    type: box
  - center: [11.2, 53.2]
    size: [11.2, 11.2]
    type: box
  - center: [53.2, 16.8]
    size: [11.2, 11.2]
    type: box
  - center: [42.0, 56.0]
    size: [11.2, 11.2]
    type: box
  - center: [22.4, 7.0]
    size: [11.2, 11.2]
    type: box
robots:
- goal: [6.703050278723244, 41.941068869838546, 0.0, 0.0]
  start: [18.46995105223462, 21.027177799995787, 0.0, 0.0]
  type: unicycle_second_order_0
- goal: [45.916560009012784, 39.31756226469164, 0.0, 0.0]
  start: [13.358753632239829, 4.153429845907293, 0.0, 0.0]
  type: unicycle_second_order_0
- goal: [44.235137166680886, 67.41246843808219, 0.0, 0.0]
  start: [30.328552810092344, 46.73924110335404, 0.0, 0.0]
  type: unicycle_second_order_0
- goal: [48.43542858433442, 7.763368650746526, 0.0, 0.0]
  start: [22.390106523755527, 64.4156166113787, 0.0, 0.0]
  type: unicycle_second_order_0
