environment:
  max: [70.0, 70.0]
  min: [0.0, 0.0]
  obstacles:
  - center: [30.8, 30.8]
    size: [11.2, 11.2]
    type: box
  - center: [11.2, 53.2]
    size: [11.2, 11.2]
    type: box
  - center: [53.2, 16.8]
    size: [11.2, 11.2]
    type: box
  - center: [42.0, 56.0]
    size: [11.2, 11.2]
    type: box
  - center: [22.4, 7.0]
    size: [11.2, 11.2]
    type: box
robots:
- goal: [54.24448612724985, 49.98282721928754, 0.0, 0.0]
  start: [60.67344376033584, 20.217695718248454, 0.0, 0.0]
  type: unicycle_second_order_0
- goal: [21.07501820943176, 51.6937364597173, 0.0, 0.0]
  start: [59.9900499033256, 64.00100832818315, 0.0, 0.0]
  type: unicycle_second_order_0
- goal: [25.99479367858647, 42.34591048150967, 0.0, 0.0]
  start: [38.778867040188594, 64.34775339312836, 0.0, 0.0]
  type: unicycle_second_order_0
- goal: [16.007388772477388, 26.474967907825288, 0.0, 0.0]
  start: [9.102419223509395, 67.0897300150572, 0.0, 0.0]
  type: unicycle_second_order_0
