environment:
  max: [50.0, 50.0]
  min: [0.0, 0.0]
  obstacles:
  - center: [22, 22]
    size: [8, 8]
    type: box
  - center: [8, 38]
    size: [8, 8]
    type: box
  - center: [38, 12]
    size: [8, 8]
    type: box
  - center: [30, 40]
    size: [8, 8]
    type: box
  - center: [16, 5]
    size: [8, 8]
    type: box
robots:
- goal: [4.419048773274067, 30.27117135095595, -0.7760576782802868]
  start: [46.75405478360325, 25.55618284318515, 2.9923274543394056]
  type: unicycle_first_order_0_sphere
- goal: [9.17470596091327, 30.34461438706728, 1.287203159291475]
  start: [21.587367236514183, 39.187283831426576, 3.0420230155941415]
  type: unicycle_first_order_0_sphere
- goal: [47.51639024796403, 17.63192633127271, -1.73559707198218]
  start: [46.741660645242106, 33.13377917301849, -2.3034424028955938]
  type: unicycle_first_order_0_sphere
- goal: [29.026975811769947, 13.600619463316992, 2.7003540509572295]
  start: [26.084471808582077, 31.93149236668288, 2.7589909863526536]
  type: unicycle_first_order_0_sphere
