environment:
  max: [50.0, 50.0]
  min: [0.0, 0.0]
  obstacles:
  - center: [22, 22]
    size: [8, 8]
    type: box
  - center: [8, 38]
    size: [8, 8]
    type: box
  - center: [38, 12]
    size: [8, 8]
    type: box
  - center: [30, 40]
    size: [8, 8]
    type: box
  - center: [16, 5]
    size: [8, 8]
    type: box
robots:
- goal: [20.06178034351939, 46.429305236442346, 0.3528622764890854]
  start: [41.93590595235425, 18.51294428055547, 2.8338609686497813]
  type: unicycle_first_order_0_sphere
- goal: [31.920160946732363, 5.708094260340765, 1.2077681717610345]
  start: [34.04447592808378, 23.22377608009333, -1.747425718816443]
  type: unicycle_first_order_0_sphere
- goal: [9.976650871945886, 19.621532667468127, 1.8719738156357186]
  start: [31.647491874633896, 18.936765006355685, 1.8756775002190125]
  type: unicycle_first_order_0_sphere
- goal: [23.992848611458328, 47.513479290149135, -1.1480771892694617]
  start: [19.131340698587184, 35.4709611285106, 0.7069702139275975]
  type: unicycle_first_order_0_sphere
