environment:
  max: [50.0, 50.0]
  min: [0.0, 0.0]
  obstacles:
  - center: [22, 22]
    size: [8, 8]
    type: box
  - center: [8, 38]
    size: [8, 8]
    type: box
  - center: [38, 12]
    size: [8, 8]
    type: box
  - center: [30, 40]
    size: [8, 8]
    type: box
  - center: [16, 5]
    size: [8, 8]
    type: box
robots:
- goal: [23.425606184626687, 15.328892156828292, -1.3921929384957314]
  start: [11.507673028538058, 15.188164589141167, 2.3471055195601043]
  type: unicycle_first_order_0_sphere
- goal: [8.316410862420167, 30.525694569805808, -2.8654968747988607]
  start: [12.964096753817515, 22.303246618837942, 0.028577553857860316]
  type: unicycle_first_order_0_sphere
- goal: [45.48293766376904, 31.34500909550861, 0.08870378968601944]
  start: [2.2019016877835704, 25.731041075324278, -0.21233380514734268]
  type: unicycle_first_order_0_sphere
- goal: [8.034039080116695, 13.589125854081862, 2.3896974017403068]
  start: [24.846485677821054, 12.602982671541941, -3.0674886055886197]
  type: unicycle_first_order_0_sphere
