environment:
  max: [50.0, 50.0]
  min: [0.0, 0.0]
  obstacles:
  - center: [22, 22]
    size: [8, 8]
    type: box
  - center: [8, 38]
    size: [8, 8]
    type: box
  - center: [38, 12]
    size: [8, 8]
    type: box
  - center: [30, 40]
    size: [8, 8]
    type: box
  - center: [16, 5]
    size: [8, 8]
    type: box
robots:
- goal: [39.16775274876342, 43.161918724284206, -0.6843343432815585]
  start: [16.50433878133303, 48.925293007892144, -1.1390733959787083]
  type: unicycle_first_order_0_sphere
- goal: [9.52031944056977, 9.968749351201653, 1.97183740610443]
  start: [23.9672037993894, 12.300390323657897, -1.525901406082292]
  type: unicycle_first_order_0_sphere
- goal: [30.119769736470175, 32.210729128655224, 2.5846283656487428]
  start: [21.21852363788151, 13.015696803268897, 0.5711594625931578]
  type: unicycle_first_order_0_sphere
- goal: [1.273998769130531, 9.364298324510017, -0.661816822369]
  start: [7.825120097332649, 18.68510800652165, -1.3532684458617685]
  type: unicycle_first_order_0_sphere
