environment:
  max: [50.0, 50.0]
  min: [0.0, 0.0]
  obstacles:
  - center: [22, 22]
    size: [8, 8]
    type: box
  - center: [8, 38]
    size: [8, 8]
    type: box
  - center: [38, 12]
    size: [8, 8]
    type: box
  - center: [30, 40]
    size: [8, 8]
    type: box
  - center: [16, 5]
    size: [8, 8]
    type: box
robots:
- goal: [23.9672037993894, 12.300390323657897, -1.525901406082292]
  start: [39.16775274876342, 43.161918724284206, -0.6843343432815585]
  type: unicycle_first_order_0_sphere
- goal: [30.119769736470175, 32.210729128655224, 2.5846283656487428]
  start: [9.52031944056977, 9.968749351201653, 1.97183740610443]
  type: unicycle_first_order_0_sphere
- goal: [19.761555865238517, 30.731342070383743, -0.29991824473395434]
  start: [7.825120097332649, 18.68510800652165, -1.3532684458617685]
  type: unicycle_first_order_0_sphere
- goal: [23.044803997756926, 35.75234241497514, 2.3060852663777727]
  start: [30.269935777759414, 11.402245283796603, -2.2997266757168]
  type: unicycle_first_order_0_sphere
