environment:
  max: [70.0, 70.0]
  min: [0.0, 0.0]
  obstacles:
  - center: [35.0, 9.8]
    size: [2.8, 19.6]
    type: box
  - center: [35.0, 60.2]
    size: [2.8, 19.6]
    type: box
  - center: [9.8, 35.0]
    size: [19.6, 2.8]
    type: box
  - center: [60.2, 35.0]
    size: [19.6, 2.8]
    type: box
robots:
- goal: [57.64424923299252, 28.72566032310904, 0.3116063297162208]
  start: [66.00167679718355, 21.997553333924543, -0.4817541292647971]
  type: unicycle_first_order_0_sphere
- goal: [23.234461610087266, 54.93042340690274, -1.2365633569717065]
  start: [2.3543347250960243, 52.51775580942913, 0.23966150518651785]
  type: unicycle_first_order_0_sphere
- goal: [14.508757130721937, 18.5758518245318, 1.573087632505973]
  start: [31.786704163113015, 9.712281279779083, -0.608759060011907]
  type: unicycle_first_order_0_sphere
- goal: [19.58318219953512, 11.551053806361265, 2.9526284517898995]
  start: [66.90051208216767, 50.53298490745117, 0.25903597303685366]
  type: unicycle_first_order_0_sphere
