environment:
  max: [70.0, 70.0]
  min: [0.0, 0.0]
  obstacles:
  - center: [35.0, 9.8]
    size: [2.8, 19.6]
    type: box
  - center: [35.0, 60.2]
    size: [2.8, 19.6]
    type: box
  - center: [9.8, 35.0]
    size: [19.6, 2.8]
    type: box
  - center: [60.2, 35.0]
    size: [19.6, 2.8]
    type: box
robots:
- goal: [48.06242075287616, 58.614767749978476, -0.46804077302212743]
  start: [66.50971813536219, 14.800813076469048, 2.063680077375216]
  type: unicycle_first_order_0_sphere
- goal: [40.23505386296589, 52.50315885135576, 2.055254651034791]
  start: [66.5735868386276, 57.48050383118956, -1.0165231716052343]
  type: unicycle_first_order_0_sphere
- goal: [10.079181316266524, 63.091137047403244, -1.7208737661847693]
  start: [64.95059833584428, 10.469133420093305, 1.5430259737653298]
  type: unicycle_first_order_0_sphere
- goal: [36.23234416092569, 22.732992010734836, -1.3670105282856249]
  start: [59.40886671847739, 21.616564508269754, 2.952031266380736]
  type: unicycle_first_order_0_sphere
