environment:
  max: [70.0, 70.0]
  min: [0.0, 0.0]
  obstacles:
  - center: [35.0, 9.8]
    size: [2.8, 19.6]
    type: box
  - center: [35.0, 60.2]
    size: [2.8, 19.6]
    type: box
  - center: [9.8, 35.0]
    size: [19.6, 2.8]
    type: box
  - center: [60.2, 35.0]
    size: [19.6, 2.8]
    type: box
robots:
- goal: [5.316061812255001, 9.41737990349149, 2.8169307505134302]
  start: [2.4324104785013683, 10.671692444302202, 2.690529207836934]
  type: unicycle_first_order_0_sphere
- goal: [46.252448018910826, 19.473839169094035, -2.274713685292257]
  start: [43.422156262230054, 25.947424849728556, 0.07156561764271485]
  type: unicycle_first_order_0_sphere
- goal: [56.88648772550337, 38.39110107891882, 3.0216695124550927]
  start: [54.90353598022583, 46.77191636148163, 0.07780037014628549]
  type: unicycle_first_order_0_sphere
- goal: [24.86129248467696, 41.3292355028789, -1.663151412014791]
  start: [14.5816037779061, 38.71276807398724, -0.1028890636915829]
  type: unicycle_first_order_0_sphere
