environment:
  max: [70.0, 70.0]
  min: [0.0, 0.0]
  obstacles:
  - center: [35.0, 9.8]
    size: [2.8, 19.6]
    type: box
  - center: [35.0, 60.2]
    size: [2.8, 19.6]
    type: box
  - center: [9.8, 35.0]
    size: [19.6, 2.8]
    type: box
  - center: [60.2, 35.0]
    size: [19.6, 2.8]
    type: box
robots:
- goal: [18.51594357387853, 5.784482528342918, 2.805227231857172]
  start: [60.20751326284613, 59.55140378180528, 1.954217649430836]
  type: unicycle_first_order_0_sphere
- goal: [28.693473288863355, 36.22650476662012, -2.4062093773852453]
  start: [6.144388922198399, 30.735151268666417, 1.9961916895120675]
  type: unicycle_first_order_0_sphere
- goal: [15.86631330407989, 38.47078167875107, 1.3969236920993726]
  start: [41.83935577854389, 67.29010369539863, -2.404345216822672]
  type: unicycle_first_order_0_sphere
- goal: [51.53077311265676, 22.610474335666773, -2.676876494892165]
  start: [38.64519190378271, 38.296194078887495, -2.817764637487251]
  type: unicycle_first_order_0_sphere
