environment:
  max: [70.0, 70.0]
  min: [0.0, 0.0]
  obstacles:
  - center: [35.0, 9.8]
    size: [2.8, 19.6]
    type: box
  - center: [35.0, 60.2]
    size: [2.8, 19.6]
    type: box
  - center: [9.8, 35.0]
    size: [19.6, 2.8]
    type: box
  - center: [60.2, 35.0]
    size: [19.6, 2.8]
    type: box
robots:
- goal: [64.46393162759162, 52.46744744490001, 2.9997857382017994]
  start: [60.65844585863679, 11.384373227200786, -2.956447044861125]
  type: unicycle_first_order_0_sphere
- goal: [52.5951141258085, 11.810619126553608, 2.0350615907676417]
  start: [52.946579582398684, 64.21605877391323, -0.977579158308548]
  type: unicycle_first_order_0_sphere
- goal: [19.854496266663528, 45.670606460294415, 1.1688083074041513]
  start: [12.107433692669389, 57.034150726410566, 1.0324867489969742]
  type: unicycle_first_order_0_sphere
- goal: [5.61914004742527, 54.655544207400396, 1.8430592628910958]
  start: [30.161995601913883, 3.7023852699682553, -1.7052863273528769]
  type: unicycle_first_order_0_sphere
