environment:
  max: [70.0, 70.0]
  min: [0.0, 0.0]
  obstacles:
  - center: [35.0, 9.8]
    size: [2.8, 19.6]
    type: box
  - center: [35.0, 60.2]
    size: [2.8, 19.6]
    type: box
  - center: [9.8, 35.0]
    size: [19.6, 2.8]
    type: box
  - center: [60.2, 35.0]
    size: [19.6, 2.8]
    type: box
robots:
- goal: [17.508702679425188, 25.196122226351, -2.0605362760525323]
  start: [18.314188927733003, 46.927330248096176, -2.668183325542417]
  type: unicycle_first_order_0_sphere
- goal: [24.14224778488462, 32.80605301839612, -0.5193088218290907]
  start: [18.436408936683737, 14.39460454344798, -2.8917499761323953]
  type: unicycle_first_order_0_sphere
- goal: [24.54771102509167, 2.244372177690594, 1.7153001779559238]
  start: [62.60710205912173, 6.5912187381142235, 0.778901314619115]
  type: unicycle_first_order_0_sphere
- goal: [60.4843559258245, 39.56013808038063, -1.008361471863207]
  start: [29.611184300786636, 67.90558408269304, 1.724843949875372]
  type: unicycle_first_order_0_sphere
