environment:
  max: [70.0, 70.0]
  min: [0.0, 0.0]
  obstacles:
  - center: [35.0, 9.8]
    size: [2.8, 19.6]
    type: box
  - center: [35.0, 60.2]
    size: [2.8, 19.6]
    type: box
  - center: [9.8, 35.0]
    size: [19.6, 2.8]
    type: box
  - center: [60.2, 35.0]
    size: [19.6, 2.8]
    type: box
robots:
- goal: [25.88432396900114, 15.302489682118196, -0.7173887294526367]
  start: [58.84466818233499, 11.57324059978529, 0.3628196915778523]
  type: unicycle_first_order_0_sphere
- goal: [2.991315414812145, 39.66700108855752, 0.6870043425667967]
  start: [30.03616688736834, 42.69380879727956, 1.4852562284339381]
  type: unicycle_first_order_0_sphere
- goal: [64.00649949548095, 56.76126269465878, -0.6209919942165549]
  start: [32.37129154879001, 39.62994988130592, -0.30216325819727086]
  type: unicycle_first_order_0_sphere
- goal: [16.816048458077592, 45.9659837790366, 1.0067328590800937]
  start: [14.488463551512504, 25.21029471141138, 2.2747332203708543]
  type: unicycle_first_order_0_sphere
