environment:
  max: [70.0, 70.0]
  min: [0.0, 0.0]
  obstacles:
  - center: [35.0, 9.8]
    size: [2.8, 19.6]
    type: box
  - center: [35.0, 60.2]
    size: [2.8, 19.6]
    type: box
  - center: [9.8, 35.0]
    size: [19.6, 2.8]
    type: box
  - center: [60.2, 35.0]
    size: [19.6, 2.8]
    type: box
robots:
- goal: [6.801391601535196, 41.91694634422669, 1.4360881438650939]
  start: [18.52739847662776, 21.075738009915916, 1.9743385564396059]
  type: unicycle_first_order_0_sphere
- goal: [45.878621327903446, 39.302557298127574, -2.1987236456275907]
  start: [13.433964169632295, 4.2606319487150115, -1.4139091612381165]
  type: unicycle_first_order_0_sphere
- goal: [44.203041989841445, 67.29982431731305, 1.150230201797279]
  start: [30.34478764461079, 46.69844333149935, -0.48515820639820406]
  type: unicycle_first_order_0_sphere
- goal: [22.433930102522368, 64.31338754862155, -0.18277858053988316]
  start: [27.511275965829803, 13.389152567658774, -0.9678576828074092]
  type: unicycle_first_order_0_sphere
