environment:
  max: [70.0, 70.0]
  min: [0.0, 0.0]
  obstacles:
  - center: [35.0, 9.8]
    size: [2.8, 19.6]
    type: box
  - center: [35.0, 60.2]
    size: [2.8, 19.6]
    type: box
  - center: [9.8, 35.0]
    size: [19.6, 2.8]
    type: box
  - center: [60.2, 35.0]
    size: [19.6, 2.8]
    type: box
robots:
- goal: [36.56223710377824, 28.723537046297555, -2.691468103180444]
  start: [19.803249017744008, 32.3152376473833, -2.3768052695990773]
  type: unicycle_first_order_0_sphere
- goal: [21.309491118453586, 5.51793686781816, -2.8111877657432967]
  start: [31.4543726041815, 44.68621747355255, -1.4420610449590876]
  type: unicycle_first_order_0_sphere
- goal: [43.13234167771143, 38.52742115003541, -2.299257066181539]
  start: [56.2465313692938, 56.649398703067085, -3.1103550912317877]
  type: unicycle_first_order_0_sphere
- goal: [20.981485397765304, 63.911017385611274, -2.6173255690242687]
  start: [48.988800008030104, 42.80618595351155, -0.20467251422761867]
  type: unicycle_first_order_0_sphere
