environment:
  max: [70.0, 70.0]
  min: [0.0, 0.0]
  obstacles:
  - center: [35.0, 9.8]
    size: [2.8, 19.6]
    type: box
  - center: [35.0, 60.2]
    size: [2.8, 19.6]
    type: box
  - center: [9.8, 35.0]
    size: [19.6, 2.8]
    type: box
  - center: [60.2, 35.0]
    size: [19.6, 2.8]
    type: box
robots:
- goal: [45.585545613223566, 32.19018979180672, 3.0641562832177947]
  start: [25.764571856356454, 14.221310714818227, -2.5851639838868]
  type: unicycle_first_order_0_sphere
- goal: [38.824350235482456, 42.42579877096931, -2.826545605103642]
  start: [59.293353626713134, 58.284027435679775, -2.8183933455698167]
  type: unicycle_first_order_0_sphere
- goal: [55.523856232102105, 29.534113281006302, -2.493274062118013]
  start: [33.43336153206951, 23.222859222980244, -1.7813729985716833]
  type: unicycle_first_order_0_sphere
- goal: [13.394907850898592, 5.061468313736647, 0.07647615687079012]
  start: [25.95277974182067, 63.66574988479801, -0.6936815352056005]
  type: unicycle_first_order_0_sphere
