environment:
  max: [70.0, 70.0]
  min: [0.0, 0.0]
  obstacles:
  - center: [35.0, 9.8]
    size: [2.8, 19.6]
    type: box
  - center: [35.0, 60.2]
    size: [2.8, 19.6]
    type: box
  - center: [9.8, 35.0]
    size: [19.6, 2.8]
    type: box
  - center: [60.2, 35.0]
    size: [19.6, 2.8]
    type: box
robots:
- goal: [35.442223918367226, 39.43708426343033, 0.43785828548325245]
  start: [23.271576613849692, 28.447752510664834, 0.46959156828725535]
  type: unicycle_first_order_0_sphere
- goal: [57.13737797244113, 49.660260838877136, -0.56595410147892]
  start: [60.85145230873521, 6.422344854476239, 1.523517058132203]
  type: unicycle_first_order_0_sphere
- goal: [42.05156000560351, 3.2918226033481672, -1.0530655521765961]
  start: [65.60810582868002, 2.588585318614738, 1.9034279608816131]
  type: unicycle_first_order_0_sphere
- goal: [30.801545683102315, 49.91211406960994, -0.8077846298610254]
  start: [26.588639751458754, 12.614732151593632, 0.8959875467439264]
  type: unicycle_first_order_0_sphere
