environment:
  max: [70.0, 70.0]
  min: [0.0, 0.0]
  obstacles:
  - center: [35.0, 9.8]
    size: [2.8, 19.6]
    type: box
  - center: [35.0, 60.2]
    size: [2.8, 19.6]
    type: box
  - center: [9.8, 35.0]
    size: [19.6, 2.8]
    type: box
  - center: [60.2, 35.0]
    size: [19.6, 2.8]
    type: box
robots:
- goal: [24.899080454328267, 54.742370189424975, -2.2197283050920746]
  start: [16.050797881020284, 53.437714735921915, 2.6190718633537973]
  type: unicycle_first_order_0_sphere
- goal: [19.703490213554204, 29.032075634082844, -0.7786697740881401]
  start: [37.88344328977188, 41.69310622036876, 1.8215007449981497]
  type: unicycle_first_order_0_sphere
- goal: [5.50509116216734, 21.163215641812215, -0.6073447179823233]
  start: [9.979471448760062, 47.15813435829093, 0.3604002217409841]
  type: unicycle_first_order_0_sphere
- goal: [17.311401494275987, 37.866965522562225, -2.6546808629294345]
  start: [13.462924865673932, 50.25545462491708, 1.0944950688031971]
  type: unicycle_first_order_0_sphere
