environment:
  max: [70.0, 70.0]
  min: [0.0, 0.0]
  obstacles:
  - center: [35.0, 9.8]
    size: [2.8, 19.6]
    type: box
  - center: [35.0, 60.2]
    size: [2.8, 19.6]
    type: box
  - center: [9.8, 35.0]
    size: [19.6, 2.8]
    type: box
  - center: [60.2, 35.0]
    size: [19.6, 2.8]
    type: box
robots:
- goal: [44.280738375655275, 12.141714179047279, 0.34137645556918184]
  start: [49.708501888254055, 56.63626041462832, 0.30370834638146027]
  type: unicycle_first_order_0_sphere
- goal: [23.74711174458158, 62.944711939858095, -1.6314751891260852]
  start: [18.229720213391477, 38.48224340757407, 2.187978203933449]
  type: unicycle_first_order_0_sphere
- goal: [66.14410878363574, 11.513592512671526, 1.269636401595931]
  start: [63.83373508299755, 50.82190204107389, 2.7142526196203214]
  type: unicycle_first_order_0_sphere
- goal: [32.305063097289334, 27.588521869257058, -2.7340091090054086]
  start: [17.017236903392778, 42.86589546320391, -1.53652618034693]
  type: unicycle_first_order_0_sphere
