environment:
  max: [70.0, 70.0]
  min: [0.0, 0.0]
  obstacles:
  - center: [35.0, 9.8]
    size: [2.8, 19.6]
    type: box
  - center: [35.0, 60.2]
    size: [2.8, 19.6]
    type: box
  - center: [9.8, 35.0]
    size: [19.6, 2.8]
    type: box
  - center: [60.2, 35.0]
    size: [19.6, 2.8]
    type: box
robots:
- goal: [27.663512099824782, 26.723796389671648, -2.9942396849392345]
  start: [18.77554208306128, 9.379215659261734, -3.0113357343001677]
  type: unicycle_first_order_0_sphere
- goal: [13.336603899326281, 58.62489345764869, -0.494780948240479]
  start: [16.91043114038685, 54.908151811474866, 0.7388735753043427]
  type: unicycle_first_order_0_sphere
- goal: [22.684255251792848, 34.5462459608641, -1.4277055264399685]
  start: [2.4128901796328774, 66.24981224326751, 2.78868920873552]
  type: unicycle_first_order_0_sphere
- goal: [42.8562706722278, 16.442493808434968, -1.4571086513834752]
  start: [53.01920411789217, 67.58964659347062, 0.6830036997954023]
  type: unicycle_first_order_0_sphere
