environment:
  max: [70.0, 70.0]
  min: [0.0, 0.0]
  obstacles:
  - center: [35.0, 9.8]
    size: [2.8, 19.6]
    type: box
  - center: [35.0, 60.2]
    size: [2.8, 19.6]
    type: box
  - center: [9.8, 35.0]
    size: [19.6, 2.8]
    type: box
  - center: [60.2, 35.0]
    size: [19.6, 2.8]
    type: box
robots:
- goal: [41.39885050557048, 54.53447878832398, 2.3095606705026714]
  start: [16.743697412546013, 30.10129360780755, -2.5618241917330096]
  type: unicycle_first_order_0_sphere
- goal: [41.329746151482226, 17.736954731710178, 0.9054747152836669]
  start: [23.008030563598556, 8.022003685134994, -0.6357987750000547]
  type: unicycle_first_order_0_sphere
- goal: [53.468613616743184, 42.67333831082079, 1.5314239907304872]
  start: [62.80019584371192, 27.470147465364036, -0.13182285283350703]
  type: unicycle_first_order_0_sphere
- goal: [30.46698030734704, 8.84362402123685, 2.527932684490147]
  start: [41.74034355079132, 6.968272156943657, 2.923753854543701]
  type: unicycle_first_order_0_sphere
