environment:
  max: [70.0, 70.0]
  min: [0.0, 0.0]
  obstacles:
  - center: [35.0, 9.8]
    size: [2.8, 19.6]
    type: box
  - center: [35.0, 60.2]
    size: [2.8, 19.6]
    type: box
  - center: [9.8, 35.0]
    size: [19.6, 2.8]
    type: box
  - center: [60.2, 35.0]
    size: [19.6, 2.8]
    type: box
robots:
- goal: [57.75171725456351, 56.30891363579833, -1.4682694882193315]
  start: [17.80217525574821, 17.555210712131757, 1.9153409644566297]
  type: unicycle_first_order_0_sphere
- goal: [49.280210961779794, 58.66179883836768, 1.664455362086815]
  start: [20.888434464316177, 37.6048009850456, 1.3310564674078496]
  type: unicycle_first_order_0_sphere
- goal: [44.35840052174822, 46.83366759968609, 1.3071069147994328]
  start: [35.99910209701138, 48.315921563611624, 1.660631999109949]
  type: unicycle_first_order_0_sphere
- goal: [9.610280682233496, 52.063912896020064, -0.1718487198196481]
  start: [6.485516189030064, 5.720389518332023, -1.260275471930785]
  type: unicycle_first_order_0_sphere
