environment:
  max: [70.0, 70.0]
  min: [0.0, 0.0]
  obstacles:
  - center: [35.0, 9.8]
    size: [2.8, 19.6]
    type: box
  - center: [35.0, 60.2]
    size: [2.8, 19.6]
    type: box
  - center: [9.8, 35.0]
    size: [19.6, 2.8]
    type: box
  - center: [60.2, 35.0]
    size: [19.6, 2.8]
    type: box
robots:
- goal: [61.30792926699609, 62.620789956550325, 0.13190224067653]
  start: [45.438335682242446, 33.90078366322455, 1.81290941118265]
  type: unicycle_first_order_0_sphere
- goal: [53.0293010438754, 12.798774792873992, 2.3152664002632823]
  start: [67.0738446446935, 63.42436740510047, 1.1169354237442564]
  type: unicycle_first_order_0_sphere
- goal: [22.004978007072616, 46.845998736135236, 0.801078650854905]
  start: [27.23687197468054, 64.3833069655066, -2.566754656456477]
  type: unicycle_first_order_0_sphere
- goal: [59.56397766145219, 40.726695254542605, -3.024620519675653]
  start: [20.251173930664933, 50.26698765368849, -3.090677010089788]
  type: unicycle_first_order_0_sphere
