environment:
  max: [70.0, 70.0]
  min: [0.0, 0.0]
  obstacles:
  - center: [35.0, 9.8]
    size: [2.8, 19.6]
    type: box
  - center: [35.0, 60.2]
    size: [2.8, 19.6]
    type: box
  - center: [9.8, 35.0]
    size: [19.6, 2.8]
    type: box
  - center: [60.2, 35.0]
    size: [19.6, 2.8]
    type: box
robots:
- goal: [42.91026657225102, 3.0546933817659743, 2.3935969313457743]
  start: [29.823237209587248, 11.87175818871593, -2.605603497245327]
  type: unicycle_first_order_0_sphere
- goal: [17.073459107416962, 39.664851479065085, 2.695161355947281]
  start: [62.530244340378815, 64.57349053087744, -1.0102905663204367]
  type: unicycle_first_order_0_sphere
- goal: [50.34100219333001, 22.68566366465194, -0.6549912776786138]
  start: [38.011226408175474, 12.907697054727032, -0.36378799703778375]
  type: unicycle_first_order_0_sphere
- goal: [60.762976259925544, 22.17494028555269, -2.274541806097329]
  start: [34.61144036373501, 38.378950907400835, 2.269406296660108]
  type: unicycle_first_order_0_sphere
