environment:
  max: [70.0, 70.0]
  min: [0.0, 0.0]
  obstacles:
  - center: [35.0, 9.8]
    size: [2.8, 19.6]
    type: box
  - center: [35.0, 60.2]
    size: [2.8, 19.6]
    type: box
  - center: [9.8, 35.0]
    size: [19.6, 2.8]
    type: box
  - center: [60.2, 35.0]
    size: [19.6, 2.8]
    type: box
robots:
- goal: [51.27746792301674, 46.759909269009135, -0.6350116165359352]
  start: [44.301827832694556, 64.8907073727983, -2.893248783252496]
  type: unicycle_first_order_0_sphere
- goal: [15.517030821744369, 57.99710628440289, 0.1369630057295641]
  start: [36.705281980035025, 27.774348196359604, -0.5878092421825434]
  type: unicycle_first_order_0_sphere
- goal: [9.57105938987972, 40.79522030495202, 0.2495977468577939]
  start: [43.584559204599486, 44.371058817778376, -1.9221730426643344]
  type: unicycle_first_order_0_sphere
- goal: [54.23409755434529, 19.355921150077272, -2.3478565770782467]
  start: [48.16891670083075, 24.223691783432272, -1.3660967066678693]
  type: unicycle_first_order_0_sphere
