environment:
  max: [70.0, 70.0]
  min: [0.0, 0.0]
  obstacles:
  - center: [35.0, 9.8]
    size: [2.8, 19.6]
    type: box
  - center: [35.0, 60.2]
    size: [2.8, 19.6]
    type: box
  - center: [9.8, 35.0]
    size: [19.6, 2.8]
    type: box
  - center: [60.2, 35.0]
    size: [19.6, 2.8]
    type: box
robots:
- goal: [55.86137340271928, 12.509872095552364, 2.3350532944055393]
  start: [6.03576925118611, 42.41828799085655, -0.7760576782802868]
  type: unicycle_first_order_0_sphere
- goal: [30.197292791102445, 54.96621818231316, 3.0420230155941415]
  start: [38.03635079275772, 62.79306200837479, -0.1435486433343276]
  type: unicycle_first_order_0_sphere
- goal: [12.728557676152892, 42.521646723958234, 1.287203159291475]
  start: [25.998052272282827, 67.40326126975182, 2.6956522960000155]
  type: unicycle_first_order_0_sphere
- goal: [34.85265107606938, 34.55913052636754, 0.0014211895926803386]
  start: [65.59773422782546, 46.44692751233356, -2.3034424028955938]
  type: unicycle_first_order_0_sphere
