environment:
  max: [70.0, 70.0]
  min: [0.0, 0.0]
  obstacles:
  - center: [35.0, 9.8]
    size: [2.8, 19.6]
    type: box
  - center: [35.0, 60.2]
    size: [2.8, 19.6]
    type: box
  - center: [9.8, 35.0]
    size: [19.6, 2.8]
    type: box
  - center: [60.2, 35.0]
    size: [19.6, 2.8]
    type: box
robots:
- goal: [4.571957349093896, 48.164999077142646, 2.65400188525295]
  start: [50.88598602279199, 48.36497351500993, 2.776671642422187]
  type: unicycle_first_order_0_sphere
- goal: [50.936378184041246, 8.207345277566642, -2.459061042268723]
  start: [33.31970756669935, 23.832796747141124, 0.6401485451282589]
  type: unicycle_first_order_0_sphere
- goal: [22.51169399839433, 15.044300844985065, 1.7357038582530535]
  start: [44.48475499104807, 3.374914650278148, -2.841800610524815]
  type: unicycle_first_order_0_sphere
- goal: [26.019982889893623, 37.048238129250144, 0.2661873444765641]
  start: [55.539375529815736, 12.320572846004039, -2.2619569708821663]
  type: unicycle_first_order_0_sphere
