environment:
  max: [70.0, 70.0]
  min: [0.0, 0.0]
  obstacles:
  - center: [35.0, 9.8]
    size: [2.8, 19.6]
    type: box
  - center: [35.0, 60.2]
    size: [2.8, 19.6]
    type: box
  - center: [9.8, 35.0]
    size: [19.6, 2.8]
    type: box
  - center: [60.2, 35.0]
    size: [19.6, 2.8]
    type: box
robots:
- goal: [60.00964390185819, 22.69681663394411, -1.9239455628082656]
  start: [40.08787506954577, 55.82177606720081, 1.654029920849986]
  type: unicycle_first_order_0_sphere
- goal: [63.98648875678804, 61.31713654556219, 1.0937492102013238]
  start: [39.59636831831129, 61.17620074900995, 2.05949194348889]
  type: unicycle_first_order_0_sphere
- goal: [43.58172600363387, 28.211725874256306, -0.6314176329283292]
  start: [45.98038661810922, 57.736119407628856, 1.1751969938299727]
  type: unicycle_first_order_0_sphere
- goal: [64.50119025186389, 15.974951496617702, 0.9938383686694117]
  start: [48.736593224959236, 48.44522081623636, -1.7626002527415003]
  type: unicycle_first_order_0_sphere
