environment:
  max: [70.0, 70.0]
  min: [0.0, 0.0]
  obstacles:
  - center: [35.0, 9.8]
    size: [2.8, 19.6]
    type: box
  - center: [35.0, 60.2]
    size: [2.8, 19.6]
    type: box
  - center: [9.8, 35.0]
    size: [19.6, 2.8]
    type: box
  - center: [60.2, 35.0]
    size: [19.6, 2.8]
    type: box
robots:
- goal: [67.42061081677956, 11.666113322682666, 2.2449423600401266]
  start: [8.919276718464525, 18.285613466798612, -0.5920599784604952]
  type: unicycle_first_order_0_sphere
- goal: [43.0525112550661, 66.4360889371333, -0.5566853118817012]
  start: [11.716428231010623, 23.803170673544887, 1.1166653949159482]
  type: unicycle_first_order_0_sphere
- goal: [58.866804113573345, 6.478359548029642, 0.29032355618842764]
  start: [65.37924920770706, 64.48833466927101, 1.354477201618522]
  type: unicycle_first_order_0_sphere
- goal: [19.564795346602878, 47.68054946622337, 1.6800305608689952]
  start: [14.506590335907294, 21.268471349075142, 2.998049996190998]
  type: unicycle_first_order_0_sphere
