environment:
  max: [70.0, 70.0]
  min: [0.0, 0.0]
  obstacles:
  - center: [35.0, 9.8]
    size: [2.8, 19.6]
    type: box
  - center: [35.0, 60.2]
    size: [2.8, 19.6]
    type: box
  - center: [9.8, 35.0]
    size: [19.6, 2.8]
    type: box
  - center: [60.2, 35.0]
    size: [19.6, 2.8]
    type: box
robots:
- goal: [26.246848126439996, 2.8990721130215418, -0.02882675244946542]
  start: [48.94962658705228, 36.58146520101586, 2.8927556263107173]
  type: unicycle_first_order_0_sphere
- goal: [25.21794309679059, 48.280760355209765, -1.8201140265124236]
  start: [14.44482048886958, 9.04125548293893, 3.094425771616491]
  type: unicycle_first_order_0_sphere
- goal: [30.598804399967275, 26.358250467483376, 2.351726855062676]
  start: [49.314267098178675, 57.00218267669817, -1.1364381372891716]
  type: unicycle_first_order_0_sphere
- goal: [42.74991028766952, 37.090070368631295, -2.2541428920812265]
  start: [22.284703126486356, 23.982364960131623, 1.575378682861774]
  type: unicycle_first_order_0_sphere
