environment:
  max: [70.0, 70.0]
  min: [0.0, 0.0]
  obstacles:
  - center: [35.0, 9.8]
    size: [2.8, 19.6]
    type: box
  - center: [35.0, 60.2]
    size: [2.8, 19.6]
    type: box
  - center: [9.8, 35.0]
    size: [19.6, 2.8]
    type: box
  - center: [60.2, 35.0]
    size: [19.6, 2.8]
    type: box
robots:
- goal: [43.419868323207794, 64.99136301279506, -2.6078562500039575]
  start: [63.02725551930056, 5.786371410931454, -1.4289863680202823]
  type: unicycle_first_order_0_sphere
- goal: [52.171883359578985, 61.291961102589056, -0.005361807509573602]
  start: [43.92977688090218, 54.042007681371494, 0.07190170710941901]
  type: unicycle_first_order_0_sphere
- goal: [27.405541073616348, 22.982728480966575, -1.5602083579054666]
  start: [55.377943529628524, 4.262405183976198, 1.4473894285945796]
  type: unicycle_first_order_0_sphere
- goal: [47.503322503721286, 4.287843485684715, 1.4691770410798393]
  start: [44.55608274192904, 33.5318725981121, 0.007166515313470789]
  type: unicycle_first_order_0_sphere
