environment:
  max: [70.0, 70.0]
  min: [0.0, 0.0]
  obstacles:
  - center: [35.0, 9.8]
    size: [2.8, 19.6]
    type: box
  - center: [35.0, 60.2]
    size: [2.8, 19.6]
    type: box
  - center: [9.8, 35.0]
    size: [19.6, 2.8]
    type: box
  - center: [60.2, 35.0]
    size: [19.6, 2.8]
    type: box
robots:
- goal: [7.6173995486693356, 67.2594628229582, -1.1262589501679572]
  start: [51.70851782980093, 52.5285152629649, -0.2187771306004107]
  type: unicycle_first_order_0_sphere
- goal: [12.835487785908034, 52.30710224288556, 1.840836446497887]
  start: [14.292910189193254, 59.72115997324282, 0.0825993232136013]
  type: unicycle_first_order_0_sphere
- goal: [30.417945337380914, 21.893787367044478, 1.3472831203667912]
  start: [38.71957734179215, 57.232113271364966, 0.6966094989769345]
  type: unicycle_first_order_0_sphere
- goal: [4.699669584689542, 38.52882520993836, -2.4351567050383514]
  start: [62.79027042511475, 13.829071028352663, 0.6923866908818974]
  type: unicycle_first_order_0_sphere
