environment:
  max: [70.0, 70.0]
  min: [0.0, 0.0]
  obstacles:
  - center: [35.0, 9.8]
    size: [2.8, 19.6]
    type: box
  - center: [35.0, 60.2]
    size: [2.8, 19.6]
    type: box
  - center: [9.8, 35.0]
    size: [19.6, 2.8]
    type: box
  - center: [60.2, 35.0]
    size: [19.6, 2.8]
    type: box
robots:
- goal: [20.198875364090583, 4.176611534572459, -0.7328149346083426]
  start: [56.07570203080577, 56.278708570791714, 0.0962933399642707]
  type: unicycle_first_order_0_sphere
- goal: [30.504875858757313, 67.76626595421455, 2.498682104261955]
  start: [28.675498494521904, 3.578515898658961, -2.835238921937138]
  type: unicycle_first_order_0_sphere
- goal: [47.20923421152666, 4.651467465401674, 0.34932070497252754]
  start: [58.786364698764, 27.565162305533168, -0.0438376661931823]
  type: unicycle_first_order_0_sphere
- goal: [47.38144393177632, 60.573115510830476, -1.7133082362490422]
  start: [19.207305873030013, 61.23389607744312, -2.73812144456103]
  type: unicycle_first_order_0_sphere
