environment:
  max: [70.0, 70.0]
  min: [0.0, 0.0]
  obstacles:
  - center: [35.0, 9.8]
    size: [2.8, 19.6]
    type: box
  - center: [35.0, 60.2]
    size: [2.8, 19.6]
    type: box
  - center: [9.8, 35.0]
    size: [19.6, 2.8]
    type: box
  - center: [60.2, 35.0]
    size: [19.6, 2.8]
    type: box
robots:
- goal: [30.707637432785393, 26.20694920347429, -2.469583387682043]
  start: [54.938731465164, 60.559848958208526, -0.6843343432815585]
  type: unicycle_first_order_0_sphere
- goal: [29.678207400766038, 18.13410690643342, 0.5711594625931578]
  start: [13.214950577258067, 13.846040329287868, 1.97183740610443]
  type: unicycle_first_order_0_sphere
- goal: [10.829242336572017, 26.112850575369574, -1.3532684458617685]
  start: [42.20521565763929, 45.14788966985898, 2.5846283656487428]
  type: unicycle_first_order_0_sphere
- goal: [42.416549129188915, 15.863444992064059, -2.2997266757168]
  start: [27.627770066965002, 43.06590095852376, -0.29991824473395434]
  type: unicycle_first_order_0_sphere
